2 0.729086 0.670595 0.028256 0.028710
0 0.313902 0.877402 0.049124 0.047597
0 0.288310 0.924783 0.062276 0.054087
0 0.893312 0.908053 0.059802 0.060567
2 0.842386 0.884675 0.017298 0.021997
2 0.814524 0.886478 0.015976 0.022717
2 0.794650 0.878365 0.023240 0.027403
2 0.702050 0.921278 0.014262 0.016657
2 0.661168 0.875735 0.022186 0.025097
2 0.645640 0.813752 0.012994 0.014930
1 0.659268 0.810398 0.013946 0.020770
1 0.663388 0.841552 0.017746 0.024230
1 0.674284 0.910032 0.021450 0.030843
1 0.577406 0.942203 0.020534 0.020767
2 0.484136 0.892487 0.026812 0.028300
2 0.386624 0.935687 0.018826 0.021287
2 0.321308 0.973982 0.015212 0.019990
2 0.411250 0.857540 0.016352 0.018693
1 0.346124 0.962947 0.019966 0.023367
1 0.209956 0.982485 0.017828 0.022357
2 0.171860 0.971305 0.016904 0.018390
2 0.290116 0.829060 0.024416 0.027727
2 0.323544 0.743228 0.024188 0.023677
2 0.402952 0.757717 0.016428 0.017760
2 0.471478 0.560862 0.022670 0.029610
1 0.533086 0.602583 0.031542 0.036787
2 0.894858 0.705812 0.015442 0.017497
2 0.842282 0.480153 0.021358 0.021980
2 0.802526 0.418468 0.022674 0.026917
2 0.889436 0.355435 0.021030 0.030057
2 0.772460 0.337715 0.021688 0.023330
0 0.407224 0.331258 0.023472 0.029117
1 0.482430 0.301488 0.021450 0.028350
1 0.661134 0.190655 0.039172 0.061790
1 0.686236 0.190655 0.020156 0.028557
2 0.866338 0.179972 0.050932 0.065050