1 0.594234 0.195723 0.034216 0.027053
1 0.476036 0.204533 0.018088 0.018247
1 0.717330 0.233818 0.020738 0.023437
1 0.626538 0.092760 0.029146 0.034447
1 0.645112 0.410637 0.035434 0.036420
1 0.010192 0.352433 0.020386 0.043253
1 0.363682 0.458982 0.020734 0.028970
1 0.333158 0.468550 0.018826 0.024247
1 0.319584 0.515192 0.029920 0.032877
1 0.400176 0.563523 0.032050 0.047020
1 0.363552 0.648170 0.023962 0.025480
1 0.314244 0.610735 0.026496 0.039950
1 0.241666 0.626543 0.019354 0.022493
1 0.147558 0.725950 0.016472 0.021707
1 0.120020 0.790745 0.015800 0.015203
1 0.202328 0.818235 0.021066 0.027857
1 0.213188 0.991328 0.037744 0.017343
1 0.476124 0.949980 0.015042 0.015840
1 0.612706 0.649378 0.017068 0.022583
1 0.732390 0.772515 0.019008 0.026477
2 0.952532 0.591477 0.016722 0.015807
1 0.888478 0.606617 0.022562 0.028313
1 0.805198 0.569472 0.020900 0.023783
1 0.716660 0.443158 0.020162 0.025323
1 0.724782 0.499783 0.029952 0.024380
1 0.817520 0.472728 0.021428 0.022490
1 0.983110 0.416800 0.021568 0.030200
1 0.872210 0.303775 0.031202 0.030670
1 0.866688 0.322518 0.024002 0.023070
1 0.723838 0.279277 0.026840 0.026267
1 0.734206 0.264177 0.022924 0.022493
1 0.707710 0.253795 0.018550 0.021550
0 0.155954 0.042268 0.029262 0.026637
2 0.781094 0.983668 0.022894 0.030577
2 0.384816 0.779307 0.035088 0.043960
2 0.199950 0.743698 0.026276 0.027997
2 0.635500 0.701690 0.026490 0.032407
2 0.282006 0.544557 0.017250 0.018120
1 0.142478 0.101313 0.025084 0.025113
1 0.208172 0.113218 0.019350 0.033270
1 0.246392 0.225905 0.026516 0.032290
1 0.191568 0.276950 0.023890 0.030660
1 0.207932 0.276623 0.021738 0.033920
1 0.231700 0.279885 0.021022 0.023483
1 0.229550 0.299782 0.021020 0.027397
1 0.329882 0.210903 0.025322 0.033593
1 0.355894 0.136407 0.017586 0.017213
1 0.352578 0.121230 0.019908 0.020840
1 0.423514 0.076882 0.020738 0.026237
1 0.573842 0.176142 0.020390 0.020603