0 0.821486 0.631040 0.020994 0.025547
2 0.412832 0.443080 0.016006 0.018820
2 0.712512 0.991147 0.014644 0.017653
2 0.698964 0.863105 0.013470 0.016877
2 0.709566 0.808432 0.011094 0.016010
2 0.825778 0.795343 0.010168 0.010640
2 0.987248 0.766460 0.011752 0.016587
2 0.995634 0.738335 0.009772 0.012623
2 0.539796 0.857648 0.012742 0.014797
2 0.483728 0.753447 0.010762 0.012000
2 0.474812 0.751622 0.008726 0.012343
2 0.478536 0.734603 0.016242 0.020013
2 0.375564 0.692207 0.009576 0.011267
2 0.400268 0.666140 0.010122 0.009313
2 0.319504 0.704408 0.015288 0.014643
2 0.275466 0.689455 0.022134 0.023990
2 0.285396 0.756662 0.012324 0.020283
2 0.314556 0.788965 0.017386 0.016677
2 0.205660 0.987003 0.009554 0.010780
2 0.117352 0.931490 0.014764 0.018780
2 0.133536 0.842045 0.017496 0.019470
2 0.152750 0.782882 0.009348 0.011250
2 0.198736 0.721965 0.015844 0.017670
2 0.082346 0.745017 0.010454 0.012020
2 0.084162 0.735853 0.011442 0.010820
2 0.076734 0.766353 0.013536 0.012620
2 0.050794 0.759477 0.014012 0.016667
2 0.040446 0.749478 0.014646 0.020290
2 0.040290 0.519560 0.024404 0.023800
2 0.038470 0.492950 0.028682 0.027693
2 0.103516 0.389728 0.009030 0.011683
2 0.045600 0.357167 0.008558 0.011033
2 0.035588 0.257193 0.013264 0.020120
2 0.140812 0.278298 0.017718 0.020883
2 0.270596 0.289947 0.019172 0.023147
2 0.325362 0.542927 0.013784 0.017307
2 0.341922 0.552337 0.010458 0.011033
2 0.018508 0.223295 0.008094 0.009723
2 0.032520 0.211942 0.010240 0.015130
2 0.136652 0.104032 0.012766 0.014877
2 0.178512 0.028683 0.009572 0.014573
2 0.270540 0.085565 0.015734 0.018030
2 0.278520 0.108478 0.013646 0.019383
2 0.269770 0.122752 0.012876 0.019383
2 0.256290 0.121852 0.013864 0.020283
2 0.362836 0.134495 0.013220 0.019823
0 0.465864 0.327848 0.018340 0.022537
2 0.472650 0.354203 0.012654 0.016400
2 0.372940 0.241678 0.009426 0.011737
2 0.508626 0.283462 0.009356 0.010017
2 0.538304 0.469050 0.014000 0.020733
2 0.603074 0.461747 0.015450 0.016227
2 0.587344 0.595178 0.008342 0.008957
2 0.749862 0.508668 0.009686 0.013523
2 0.864536 0.535638 0.012104 0.011270
2 0.883918 0.485455 0.011622 0.013523
2 0.815740 0.209842 0.012678 0.014423
2 0.587782 0.204860 0.017698 0.021913
2 0.658374 0.280762 0.008916 0.010957
1 0.509750 0.384747 0.012766 0.017580
1 0.516338 0.168400 0.018222 0.021200
1 0.544860 0.121560 0.014102 0.011033
1 0.462552 0.061647 0.015296 0.022087
1 0.437188 0.015823 0.010124 0.011267
1 0.729856 0.202937 0.011490 0.014967
1 0.818808 0.355305 0.014764 0.015023
1 0.872388 0.092928 0.013482 0.018657
1 0.819726 0.669987 0.012104 0.014273
1 0.787872 0.713632 0.013316 0.018930
1 0.799658 0.598968 0.013296 0.019197
1 0.586868 0.564890 0.010014 0.015627
1 0.615816 0.703917 0.010168 0.014967
1 0.775690 0.970227 0.015318 0.020373
1 0.794310 0.993993 0.010300 0.012013
1 0.573104 0.993380 0.014646 0.013240
1 0.546218 0.882280 0.014304 0.013673
1 0.383596 0.991730 0.017432 0.016540
1 0.090960 0.914338 0.013938 0.015150
1 0.004674 0.838262 0.009348 0.012623
1 0.167460 0.849737 0.011496 0.013473
1 0.149334 0.763465 0.011844 0.015737
1 0.155704 0.756898 0.012354 0.015303
1 0.085340 0.631133 0.010454 0.012133
1 0.044142 0.583098 0.014368 0.017843
1 0.044906 0.550127 0.017116 0.017007
1 0.130160 0.445642 0.016066 0.018630
1 0.023474 0.424758 0.016396 0.015023
1 0.258000 0.448207 0.011092 0.013340
1 0.238654 0.433785 0.012016 0.014063
1 0.306792 0.506442 0.014922 0.019110
2 0.320658 0.521317 0.019938 0.019293
1 0.163980 0.087405 0.010962 0.013163
1 0.097426 0.089838 0.014922 0.019110
1 0.314066 0.802173 0.012150 0.016173
1 0.377470 0.709022 0.018110 0.020450
1 0.093138 0.836387 0.023926 0.032020