2 0.230390 0.075423 0.028194 0.030887
2 0.301424 0.179240 0.027076 0.028867
2 0.440108 0.197187 0.014756 0.021573
2 0.537222 0.372417 0.016396 0.024020
0 0.445088 0.415740 0.030136 0.041853
1 0.430406 0.288077 0.023438 0.032007
1 0.382496 0.287373 0.018292 0.029893
1 0.458740 0.211760 0.016230 0.022160
1 0.200476 0.127690 0.020084 0.025860
1 0.264792 0.327220 0.024418 0.032920
1 0.276694 0.271093 0.014218 0.021947
1 0.172644 0.900203 0.027260 0.041913
0 0.014554 0.847100 0.029106 0.055680
0 0.289584 0.437123 0.032714 0.036927
0 0.207800 0.256883 0.027300 0.040087
0 0.780394 0.677460 0.029516 0.046200
0 0.774322 0.403913 0.044218 0.056560
0 0.968372 0.055180 0.045434 0.058240
0 0.673952 0.707187 0.024214 0.033760
0 0.621070 0.812690 0.018292 0.024620
1 0.800478 0.762753 0.020606 0.030947
1 0.835560 0.886753 0.017886 0.024253
1 0.878748 0.893610 0.026402 0.037220
1 0.977920 0.794847 0.024258 0.031947
1 0.948510 0.723920 0.020390 0.027253
1 0.766270 0.564783 0.022110 0.021980
1 0.919534 0.562583 0.036704 0.039273
1 0.734500 0.534447 0.027690 0.029893
1 0.739116 0.475393 0.019746 0.024907
1 0.964524 0.372173 0.014166 0.021107
0 0.900986 0.303447 0.018886 0.029013
2 0.872652 0.327773 0.021036 0.030187
1 0.989562 0.168957 0.017290 0.023607
1 0.896542 0.206410 0.043574 0.056273
1 0.842488 0.027020 0.029624 0.045720
2 0.751562 0.032647 0.019834 0.029547
2 0.621018 0.075237 0.015454 0.020393
2 0.549666 0.138540 0.022154 0.028133
1 0.617026 0.040770 0.019834 0.029540
1 0.717226 0.256533 0.021894 0.032707
1 0.699734 0.388203 0.027046 0.035873
1 0.587814 0.526770 0.034000 0.040793
1 0.543768 0.474893 0.037094 0.044667
1 0.513890 0.515867 0.020092 0.027427
2 0.478212 0.492480 0.031172 0.039747
1 0.368740 0.581107 0.028076 0.029893
1 0.391536 0.658300 0.013394 0.022507
1 0.536684 0.675887 0.032198 0.034467
1 0.322316 0.886703 0.020122 0.026967
2 0.368190 0.963260 0.034654 0.034933
0 0.329372 0.963940 0.026334 0.031547
1 0.064660 0.802210 0.025756 0.032353
2 0.582766 0.624927 0.019322 0.027787
0 0.350134 0.622510 0.032378 0.028820
0 0.348704 0.658657 0.030230 0.035660
1 0.344526 0.434977 0.028076 0.033060
1 0.124934 0.373080 0.051518 0.059787
1 0.310280 0.267577 0.034526 0.044207