1 0.451746 0.619400 0.022342 0.025640
0 0.353006 0.188978 0.032088 0.034977
0 0.733250 0.195082 0.030996 0.034790
0 0.716516 0.237530 0.036700 0.040240
0 0.565174 0.478265 0.032856 0.035517
0 0.846066 0.345392 0.028296 0.033337
0 0.376560 0.978853 0.039932 0.037127
0 0.202926 0.884945 0.027414 0.028777
0 0.021296 0.787478 0.023294 0.025543
2 0.657408 0.147185 0.034228 0.035483
0 0.538450 0.016855 0.031058 0.033710
1 0.773778 0.467768 0.020764 0.023677
1 0.803442 0.427453 0.022590 0.039567
1 0.818116 0.204853 0.032402 0.045487
1 0.968940 0.295777 0.024086 0.026827
1 0.747814 0.754255 0.028522 0.036863
1 0.772438 0.822795 0.023770 0.024923
1 0.889710 0.797818 0.024878 0.036563
1 0.926948 0.808875 0.020440 0.025743
1 0.986608 0.820332 0.019332 0.024470
1 0.640340 0.896008 0.021678 0.028037
1 0.571508 0.918870 0.020688 0.022387
1 0.552142 0.886342 0.020250 0.021937
1 0.498838 0.808222 0.018340 0.018363
1 0.583420 0.739647 0.027070 0.033893
1 0.500894 0.709505 0.030584 0.033970
1 0.546404 0.579393 0.024644 0.033647
1 0.638954 0.541822 0.019714 0.025797
1 0.635394 0.583882 0.024646 0.030657
1 0.359848 0.679827 0.027930 0.033200
1 0.286246 0.580905 0.023986 0.030057
1 0.272940 0.555108 0.020372 0.027817
1 0.304812 0.512490 0.028916 0.026020
1 0.227594 0.551520 0.018400 0.021533
1 0.122120 0.669733 0.028916 0.035440
1 0.066752 0.889783 0.038444 0.039480
1 0.017792 0.871390 0.027930 0.039480
1 0.055908 0.974800 0.021358 0.027367
1 0.036524 0.985790 0.018072 0.026020
1 0.006884 0.567483 0.013768 0.029080
1 0.223222 0.419108 0.018636 0.033230
1 0.212952 0.339743 0.025100 0.042060
1 0.183118 0.265230 0.022438 0.031673
1 0.071100 0.236803 0.029284 0.031413
1 0.155994 0.119770 0.017800 0.027727
1 0.175776 0.101045 0.018708 0.019983
1 0.172088 0.087223 0.015954 0.018780
1 0.441456 0.167910 0.021634 0.019533
1 0.440126 0.184248 0.025210 0.021157
1 0.385730 0.232925 0.024438 0.027483
1 0.341928 0.297308 0.022448 0.022237
1 0.456320 0.043062 0.015048 0.017790
1 0.526344 0.349427 0.021486 0.025700
2 0.348662 0.795608 0.037236 0.044170