1 0.099924 0.444548 0.015744 0.020877
2 0.968736 0.632538 0.015582 0.018390
2 0.987618 0.654083 0.012414 0.016047
2 0.854940 0.650875 0.013646 0.013823
2 0.120040 0.846955 0.016954 0.016150
2 0.037208 0.971572 0.013204 0.015477
2 0.008376 0.737447 0.008804 0.011720
2 0.329112 0.857907 0.008442 0.012773
2 0.362540 0.826908 0.018710 0.019317
2 0.451850 0.805188 0.018222 0.022897
2 0.486314 0.708403 0.011280 0.013520
2 0.463548 0.648165 0.007854 0.009637
2 0.238086 0.634847 0.021392 0.023620
2 0.198392 0.577368 0.014260 0.017850
2 0.198972 0.525625 0.015054 0.021997
2 0.237268 0.516430 0.014526 0.020553
2 0.294908 0.550687 0.013338 0.016947
2 0.097050 0.369177 0.011280 0.011520
2 0.163316 0.297950 0.011552 0.016527
2 0.284990 0.192645 0.012874 0.016377
2 0.269418 0.097345 0.008694 0.011117
2 0.451092 0.145095 0.010774 0.013357
2 0.751434 0.108337 0.014394 0.016587
2 0.813298 0.118433 0.013204 0.013340
2 0.857752 0.209493 0.015040 0.017527
2 0.920616 0.418532 0.009506 0.009737
2 0.954090 0.409065 0.009642 0.010997
2 0.969276 0.413572 0.012810 0.014243
2 0.964456 0.477848 0.018226 0.021997
2 0.945440 0.471897 0.016374 0.020913
2 0.833126 0.509003 0.021678 0.023627
2 0.925636 0.600910 0.012742 0.013760
2 0.758742 0.461792 0.013864 0.014123
2 0.869604 0.367347 0.011094 0.012980
2 0.966490 0.583770 0.012678 0.016047
2 0.835732 0.746492 0.027570 0.026177
2 0.845476 0.805015 0.011884 0.016443
2 0.873206 0.807612 0.012834 0.012550
2 0.965710 0.765017 0.014416 0.014273
2 0.818266 0.959662 0.014304 0.016023
2 0.820100 0.943447 0.011186 0.017153
2 0.831792 0.948080 0.014946 0.020160
1 0.377318 0.826755 0.010314 0.015023
1 0.630246 0.976070 0.011006 0.011167
1 0.802648 0.971330 0.015076 0.014873
1 0.790324 0.941357 0.008914 0.012320
1 0.940164 0.847855 0.014124 0.016777
1 0.841966 0.783405 0.013978 0.014423
1 0.971298 0.744475 0.010910 0.013897
1 0.931224 0.703170 0.018250 0.021660
1 0.797452 0.636362 0.012546 0.015503
1 0.709506 0.730565 0.014130 0.022177
1 0.783152 0.504000 0.015284 0.023267
2 0.778764 0.793223 0.015372 0.017960
1 0.801950 0.480055 0.018340 0.026083
1 0.937544 0.303955 0.015318 0.021457
1 0.951886 0.157538 0.016242 0.015143
1 0.811040 0.163053 0.013296 0.015400
1 0.654294 0.024873 0.014102 0.017307
1 0.572108 0.098943 0.015584 0.020373
1 0.592326 0.187627 0.013094 0.017427
1 0.496668 0.196140 0.011884 0.013700
1 0.603436 0.280558 0.011188 0.012643
1 0.652288 0.253418 0.012810 0.015143
1 0.661268 0.317062 0.010960 0.013703
1 0.685698 0.345008 0.011752 0.014063
1 0.716136 0.388097 0.013470 0.012620
1 0.498854 0.467297 0.012840 0.012833
1 0.471816 0.668777 0.011646 0.012147
1 0.281276 0.565383 0.017114 0.018173
1 0.192620 0.468892 0.014736 0.016010
1 0.106418 0.514970 0.012280 0.013700
1 0.040608 0.440863 0.013754 0.017880
1 0.078654 0.392412 0.009934 0.012417
1 0.167230 0.399602 0.012456 0.013877
1 0.156376 0.362353 0.016582 0.015127
1 0.262912 0.369565 0.014030 0.016150
5 0.508252 0.693140 0.033012 0.039213
5 0.341228 0.944835 0.055586 0.049350
5 0.744316 0.924852 0.043260 0.041757
5 0.682790 0.826660 0.077764 0.099073
5 0.920084 0.526580 0.032134 0.036347
5 0.704176 0.511687 0.027928 0.039033
5 0.334108 0.185877 0.043544 0.065427
5 0.024208 0.111242 0.033752 0.057117