1 0.803914 0.499523 0.020818 0.022613
1 0.799182 0.562188 0.034068 0.035530
1 0.886480 0.477882 0.021292 0.023257
1 0.901622 0.392283 0.021292 0.026487
1 0.959112 0.420063 0.022710 0.031653
1 0.468444 0.426847 0.026496 0.024547
1 0.534686 0.411342 0.038798 0.047803
1 0.976192 0.080255 0.035960 0.040697
1 0.894760 0.243053 0.028388 0.031653
1 0.958638 0.512445 0.020820 0.023903
1 0.905882 0.555727 0.025078 0.026487
1 0.894288 0.513090 0.021766 0.027780
1 0.280362 0.297965 0.027918 0.027777
1 0.325312 0.160038 0.027916 0.029717
1 0.739328 0.931390 0.019400 0.018087
0 0.591608 0.755440 0.043538 0.051967
0 0.582026 0.805163 0.051750 0.053460
1 0.553548 0.623657 0.015608 0.014953
1 0.623372 0.577298 0.022178 0.029910
1 0.203196 0.641788 0.035048 0.031777
1 0.145830 0.623283 0.021630 0.023927
1 0.079018 0.796005 0.017798 0.016450
0 0.296164 0.986360 0.030186 0.027280
1 0.881324 0.751795 0.036434 0.036177
1 0.846310 0.633897 0.026022 0.034240
1 0.673132 0.768268 0.030756 0.030363
1 0.395576 0.272125 0.020820 0.023903
1 0.709566 0.748888 0.042112 0.045870