1 0.623836 0.277688 0.012072 0.012730
1 0.613378 0.328608 0.009562 0.013057
1 0.505070 0.395340 0.016018 0.018113
1 0.504078 0.326063 0.013946 0.018360
1 0.486246 0.264183 0.017732 0.023800
1 0.361558 0.216103 0.015634 0.017627
1 0.353024 0.185650 0.017212 0.020173
1 0.268510 0.058845 0.019936 0.018997
1 0.030190 0.661697 0.019414 0.024253
1 0.223008 0.020785 0.015640 0.015777
1 0.284000 0.873028 0.014664 0.017663
5 0.657984 0.705692 0.048498 0.081830
1 0.213396 0.034725 0.012750 0.015910
5 0.978354 0.802325 0.037062 0.048990
1 0.201044 0.028060 0.011954 0.011833
1 0.240850 0.265587 0.018592 0.025660
2 0.442788 0.312592 0.016314 0.026963
2 0.399858 0.270975 0.024040 0.035757
2 0.366446 0.010960 0.023476 0.021920
2 0.347862 0.317930 0.020744 0.026120
2 0.359788 0.357447 0.019502 0.025440
2 0.462604 0.515153 0.009244 0.012413
2 0.330222 0.692177 0.012422 0.013907
2 0.433414 0.849125 0.018632 0.022897
2 0.361950 0.848475 0.017310 0.021523
2 0.168946 0.939723 0.015652 0.018113
2 0.172450 0.550185 0.022732 0.024423
2 0.176362 0.519910 0.017144 0.021200
2 0.106918 0.584505 0.014812 0.017877
2 0.059158 0.591100 0.015884 0.019927
2 0.019018 0.504057 0.016314 0.022860
2 0.073948 0.317920 0.011778 0.013433
2 0.145350 0.270702 0.021614 0.026457
2 0.013948 0.266632 0.022360 0.024423
2 0.083806 0.022413 0.019750 0.024253
2 0.011634 0.095427 0.012300 0.016280
2 0.021446 0.107978 0.017518 0.018657
0 0.581966 0.480763 0.024986 0.042200
0 0.563934 0.484457 0.026016 0.041853
0 0.050026 0.703207 0.018544 0.024620
0 0.094974 0.739430 0.022410 0.028840
0 0.367442 0.613008 0.017740 0.029510
0 0.353952 0.613212 0.015800 0.033990
0 0.350002 0.580973 0.022806 0.036227
0 0.366324 0.572812 0.020274 0.039890
0 0.384660 0.570878 0.019974 0.027883
0 0.390920 0.588607 0.017888 0.025440
1 0.307050 0.404617 0.013838 0.014947
1 0.170532 0.371905 0.013444 0.022843
2 0.526306 0.212420 0.018134 0.022387
2 0.551522 0.170358 0.016150 0.021370
2 0.535126 0.168917 0.014162 0.020520
1 0.159470 0.377122 0.013218 0.018610
1 0.053944 0.356252 0.014870 0.019177
1 0.055906 0.443535 0.014252 0.017203
1 0.150506 0.493873 0.010534 0.014100
1 0.266938 0.473852 0.014458 0.024537
1 0.168580 0.651827 0.013632 0.018613
1 0.221868 0.709498 0.011980 0.015510
1 0.206546 0.894042 0.013696 0.013883
1 0.082380 0.842225 0.008168 0.009657
1 0.037110 0.646047 0.017556 0.017767
2 0.635118 0.974803 0.028574 0.034313
1 0.452304 0.462275 0.015490 0.020917
1 0.547366 0.587770 0.013254 0.016920
1 0.574964 0.729380 0.017786 0.020760
1 0.449796 0.842918 0.016936 0.022843
2 0.339432 0.197707 0.010518 0.015240
2 0.311230 0.016833 0.012176 0.014927
2 0.324148 0.013357 0.019130 0.026287
2 0.341104 0.008077 0.015774 0.016153
2 0.813846 0.166878 0.014598 0.018230
2 0.873758 0.006582 0.016396 0.013163
2 0.940506 0.203905 0.023970 0.031997
2 0.979680 0.204150 0.023970 0.024180
2 0.971898 0.221488 0.017352 0.016363
2 0.984958 0.236877 0.017352 0.021247
2 0.992022 0.247867 0.013952 0.020760
2 0.908396 0.275708 0.015562 0.021250
2 0.844004 0.397435 0.028174 0.027883
2 0.712308 0.454353 0.010518 0.014947
2 0.816306 0.514285 0.009874 0.011137
2 0.604286 0.404225 0.015838 0.021483
2 0.608488 0.616763 0.016666 0.017667
2 0.738312 0.665565 0.011552 0.014583
2 0.754780 0.785662 0.024326 0.030670
2 0.917896 0.710517 0.014908 0.020353
2 0.995870 0.640017 0.008646 0.011193
2 0.787780 0.948338 0.017802 0.021343
2 0.678764 0.895518 0.010586 0.010583
2 0.484882 0.980855 0.015700 0.019790
2 0.704438 0.658670 0.014594 0.019927
1 0.656628 0.792272 0.011924 0.014450
1 0.706116 0.961810 0.013458 0.016840
1 0.846938 0.970778 0.012234 0.012310
2 0.863788 0.951142 0.022322 0.024617
1 0.905896 0.832752 0.009542 0.011397
2 0.991054 0.959857 0.014116 0.018800
1 0.795220 0.724547 0.015420 0.019420
1 0.761118 0.656870 0.006572 0.008840
1 0.688054 0.657890 0.013248 0.017407
1 0.984330 0.414892 0.011354 0.015830
1 0.739774 0.500715 0.016658 0.025990
1 0.979608 0.271190 0.014114 0.016213
1 0.874052 0.187848 0.019724 0.020237
1 0.818470 0.219343 0.015898 0.016647
1 0.754636 0.206057 0.013780 0.020400
1 0.745340 0.111665 0.015062 0.018443
1 0.683482 0.110523 0.013030 0.014200
1 0.660832 0.039742 0.014582 0.020563
1 0.593594 0.092947 0.015178 0.018933
1 0.564908 0.042680 0.018528 0.025460
1 0.504780 0.146807 0.008992 0.010580
1 0.551928 0.221235 0.011054 0.014823