2 0.650696 0.045013 0.017270 0.028127
0 0.462164 0.054255 0.042596 0.063610
1 0.439536 0.022717 0.015590 0.021073
1 0.448530 0.008773 0.012288 0.012520
1 0.280102 0.039130 0.014202 0.014000
1 0.260200 0.003632 0.009678 0.007263
1 0.280234 0.134523 0.011846 0.016173
1 0.203666 0.004192 0.009262 0.008383
1 0.171558 0.150528 0.009510 0.012983
1 0.084406 0.107908 0.016482 0.020770
1 0.008424 0.105310 0.009982 0.012980
1 0.232356 0.395717 0.014966 0.017727
1 0.271862 0.430122 0.013426 0.014723
1 0.024380 0.486645 0.012036 0.015477
1 0.223730 0.639653 0.020906 0.025240
1 0.067738 0.749778 0.018752 0.027403
1 0.075528 0.692807 0.014788 0.020913
1 0.066706 0.925717 0.018854 0.026180
1 0.458152 0.791397 0.019624 0.024613
2 0.306694 0.937403 0.017896 0.019127
2 0.244686 0.791645 0.021734 0.021037
1 0.500118 0.723302 0.012950 0.015943
1 0.632994 0.883375 0.013604 0.014063
1 0.680202 0.830550 0.017692 0.021633
2 0.671426 0.777135 0.013184 0.016783
1 0.821214 0.832658 0.016202 0.020763
1 0.814158 0.967880 0.016362 0.016787
1 0.900756 0.993190 0.018724 0.013620
1 0.993938 0.917040 0.011568 0.017093
1 0.878100 0.585333 0.021296 0.028040
1 0.878450 0.539212 0.013450 0.016903
1 0.942890 0.399037 0.018226 0.021453
1 0.964590 0.227878 0.023018 0.021410
1 0.786410 0.086805 0.016902 0.020917
1 0.587550 0.088283 0.021232 0.026827
1 0.538968 0.116982 0.013818 0.015130
2 0.496974 0.220042 0.020442 0.023583
2 0.338316 0.120153 0.014416 0.017427
2 0.362910 0.125562 0.015186 0.018630
2 0.378978 0.120605 0.017388 0.019230
1 0.422168 0.160043 0.015518 0.016073
2 0.338560 0.235005 0.018484 0.024610
2 0.557906 0.311655 0.017056 0.017577
2 0.626916 0.245380 0.012778 0.010907
2 0.707806 0.273887 0.022590 0.027413
2 0.516180 0.626423 0.019676 0.020733
2 0.602534 0.648983 0.021494 0.019780
2 0.598966 0.666153 0.020266 0.017780
1 0.305760 0.480290 0.016542 0.018693