1 0.339908 0.969820 0.021258 0.029760
1 0.373906 0.897552 0.020156 0.025443
1 0.289670 0.878210 0.016352 0.022067
1 0.279498 0.884960 0.016162 0.019473
2 0.883654 0.952650 0.013072 0.020013
2 0.188908 0.765145 0.013310 0.024143
1 0.991566 0.523768 0.017034 0.027583
0 0.103346 0.016763 0.020764 0.023053
0 0.098326 0.030940 0.016198 0.017133
0 0.115440 0.042000 0.016202 0.021807
0 0.462938 0.166560 0.022818 0.023367
0 0.459372 0.200203 0.022342 0.028773
0 0.787856 0.693530 0.021906 0.032900
2 0.385154 0.718907 0.033188 0.029160
2 0.617298 0.681448 0.028260 0.035890
2 0.608920 0.798090 0.031872 0.031407
1 0.684142 0.730747 0.021486 0.027260
1 0.608462 0.744505 0.026812 0.030377
1 0.697832 0.752295 0.023770 0.034010
1 0.744324 0.792405 0.015594 0.020770
2 0.900754 0.777130 0.031938 0.037687
2 0.772448 0.621600 0.026014 0.029907
1 0.863150 0.609450 0.019852 0.031780
2 0.757806 0.370935 0.024910 0.031157
2 0.845906 0.120745 0.027930 0.035890
1 0.822288 0.183463 0.027192 0.036347
2 0.479554 0.023707 0.024958 0.028307
2 0.308050 0.038230 0.022590 0.022433
0 0.420336 0.143700 0.018066 0.026067
1 0.339380 0.088545 0.028750 0.040190
1 0.097326 0.187460 0.040212 0.051093
1 0.130170 0.382125 0.025672 0.039203
1 0.025396 0.453002 0.027954 0.035570
1 0.020676 0.645372 0.023274 0.042683
1 0.031058 0.593342 0.034912 0.045797
2 0.418930 0.407208 0.023240 0.025783
2 0.091360 0.838098 0.020156 0.021030
1 0.200594 0.751290 0.027600 0.034453
1 0.251240 0.982163 0.013732 0.013340