2 0.656988 0.814275 0.019490 0.028343
1 0.799458 0.973422 0.017056 0.023163
2 0.644354 0.992547 0.017168 0.014907
2 0.171188 0.952037 0.018618 0.023620
2 0.032146 0.838637 0.022662 0.022500
1 0.007160 0.818515 0.014318 0.031157
2 0.168676 0.706885 0.032326 0.042837
2 0.099460 0.602753 0.014128 0.016767
2 0.113272 0.517918 0.025100 0.030843
2 0.230112 0.590675 0.019808 0.023363
1 0.346214 0.693938 0.027732 0.032237
1 0.429698 0.537638 0.055334 0.069577
2 0.451210 0.353727 0.016954 0.020987
2 0.377368 0.274888 0.024878 0.028557
1 0.308278 0.334148 0.017588 0.020337
2 0.159396 0.287568 0.015406 0.018330
2 0.021166 0.098728 0.017696 0.018210
2 0.459196 0.026712 0.022026 0.026830
2 0.586210 0.244818 0.017432 0.022537
1 0.659108 0.073622 0.020688 0.022837
2 0.848582 0.149578 0.023928 0.024017
2 0.925900 0.100693 0.029892 0.033647
2 0.634738 0.558793 0.018710 0.024300
2 0.719624 0.509568 0.030122 0.033023
2 0.604368 0.492465 0.025784 0.031777
2 0.567974 0.477230 0.021904 0.028040
2 0.638938 0.412397 0.021450 0.023053
3 0.969810 0.460318 0.053120 0.097203
2 0.645422 0.755427 0.029948 0.033967
2 0.843228 0.780697 0.030108 0.035913
2 0.927054 0.674943 0.015372 0.019473
2 0.849328 0.613825 0.032010 0.029210
2 0.839484 0.367852 0.022186 0.023077
2 0.903990 0.338553 0.019938 0.025420
1 0.822060 0.395575 0.026242 0.025183
1 0.696158 0.586652 0.021688 0.030957
1 0.724416 0.551212 0.023658 0.032750
1 0.684330 0.536855 0.035486 0.046210
1 0.590848 0.671218 0.029902 0.039477
1 0.598138 0.755783 0.015744 0.023367
1 0.720902 0.769212 0.026242 0.031777
1 0.636706 0.807838 0.024034 0.035517
1 0.480208 0.869402 0.024402 0.024017
1 0.526954 0.784807 0.024720 0.024880
1 0.550566 0.825698 0.017114 0.023583
1 0.295834 0.498233 0.020022 0.019913
1 0.349128 0.375027 0.017958 0.025420
1 0.326680 0.326258 0.017432 0.021997
1 0.500074 0.450587 0.035368 0.045433
1 0.606940 0.435790 0.024338 0.032453
1 0.716364 0.399522 0.018228 0.024437
1 0.681976 0.336028 0.034070 0.038510
1 0.774342 0.079728 0.023504 0.036450
1 0.747188 0.086270 0.019396 0.028353
1 0.834426 0.184402 0.024560 0.027043
1 0.727298 0.090773 0.017588 0.023367
1 0.619084 0.163770 0.025036 0.032020
1 0.603476 0.232245 0.020124 0.022283
1 0.357098 0.036907 0.026622 0.031413
1 0.407298 0.110378 0.024720 0.030377
1 0.312774 0.679487 0.014790 0.019473
1 0.275198 0.579358 0.034798 0.038943
1 0.205604 0.601687 0.022246 0.022847
1 0.070878 0.630895 0.023198 0.028297
1 0.059356 0.886792 0.032728 0.044683
1 0.243658 0.822910 0.020070 0.025600
1 0.196152 0.957825 0.016796 0.021203
2 0.399046 0.861932 0.015782 0.029597
4 0.357878 0.881403 0.068836 0.077887
1 0.296934 0.813383 0.030996 0.034787
1 0.622586 0.916372 0.024878 0.025963
1 0.686604 0.911287 0.035336 0.031373
1 0.696508 0.937250 0.014896 0.016660
1 0.685654 0.990638 0.013786 0.018723
1 0.701340 0.990855 0.018858 0.018290
1 0.776292 0.982683 0.028996 0.030507
1 0.979554 0.915108 0.023770 0.030950
1 0.889678 0.936963 0.027382 0.026220
1 0.840612 0.704563 0.019490 0.019040
1 0.882128 0.659130 0.018222 0.022933
1 0.936492 0.495347 0.025290 0.032973
1 0.941654 0.292602 0.022668 0.021183
0 0.952802 0.232548 0.046586 0.061877
1 0.929746 0.221623 0.025512 0.033100
1 0.125114 0.067078 0.027836 0.033023
1 0.128196 0.113810 0.028980 0.037387
1 0.127316 0.231960 0.025860 0.035047
1 0.258238 0.177438 0.026050 0.029857
0 0.232750 0.238243 0.042900 0.053273