2 0.341504 0.506097 0.018930 0.021980
2 0.177474 0.350828 0.010286 0.013230
2 0.332724 0.314092 0.008946 0.010177
2 0.037098 0.215067 0.016458 0.020273
2 0.535472 0.356445 0.010310 0.014077
2 0.644532 0.307487 0.013394 0.015473
2 0.741384 0.314345 0.010818 0.012310
2 0.549096 0.110190 0.012104 0.014067
2 0.587476 0.056555 0.014168 0.019343
2 0.646582 0.145248 0.008496 0.014450
2 0.666944 0.173947 0.015206 0.015673
2 0.909006 0.213573 0.015900 0.019673
2 0.920120 0.372403 0.011904 0.015900
2 0.895052 0.446628 0.010566 0.012663
5 0.373620 0.040313 0.046660 0.061013
5 0.259272 0.128022 0.033516 0.046210
5 0.023552 0.489785 0.033542 0.045797
5 0.343326 0.610520 0.041402 0.041273
2 0.740946 0.440400 0.009440 0.010687
2 0.650692 0.529108 0.012526 0.016397
1 0.348868 0.765507 0.015528 0.018020
1 0.340346 0.841630 0.010250 0.013993
1 0.205638 0.952025 0.012522 0.020517
1 0.100636 0.908063 0.014310 0.021980
1 0.028832 0.528820 0.014880 0.014233
1 0.144034 0.408048 0.012980 0.019837
1 0.249688 0.259982 0.014666 0.019317
1 0.205604 0.150897 0.009766 0.012433
1 0.524328 0.236853 0.011284 0.018800
1 0.534526 0.237348 0.012010 0.019503
1 0.645496 0.358500 0.010882 0.014247
1 0.592892 0.131783 0.012522 0.016607
1 0.526528 0.076100 0.017888 0.021493
1 0.684446 0.167380 0.008438 0.013153
1 0.690012 0.172698 0.008886 0.012337
1 0.925782 0.064148 0.011790 0.016490
1 0.892344 0.295735 0.010882 0.018523
1 0.967846 0.288510 0.010434 0.014247
1 0.781256 0.552337 0.011428 0.016113
1 0.608094 0.508922 0.011734 0.013543
1 0.347764 0.465237 0.012680 0.015547
1 0.539760 0.687050 0.010136 0.013840
1 0.529416 0.779450 0.011778 0.017500
1 0.584034 0.842745 0.012224 0.017097
1 0.579190 0.863913 0.011182 0.014653
1 0.588134 0.864015 0.009392 0.014043
1 0.888266 0.865897 0.011800 0.018233
1 0.787192 0.788092 0.014080 0.016537
1 0.920068 0.796395 0.009416 0.012957
1 0.923016 0.765870 0.013730 0.019827
1 0.943040 0.649740 0.019236 0.026147
2 0.087234 0.279735 0.017514 0.017637
5 0.316406 0.866347 0.039744 0.036087
0 0.762370 0.207918 0.020538 0.025703
0 0.851172 0.253223 0.014072 0.019213
0 0.820538 0.650198 0.024338 0.033723
0 0.052576 0.038885 0.020078 0.022430
0 0.197786 0.107822 0.016796 0.019470
2 0.731702 0.523138 0.011502 0.014397
2 0.798772 0.547248 0.014404 0.017077
2 0.754992 0.988562 0.008662 0.011130
2 0.771550 0.992933 0.011336 0.014133
2 0.824280 0.934107 0.012940 0.016253
2 0.984820 0.932153 0.014750 0.014840
2 0.871856 0.714283 0.015786 0.017313
2 0.856154 0.703330 0.015268 0.017787
2 0.853870 0.719230 0.013628 0.012840
2 0.771590 0.757815 0.018782 0.034437
2 0.708572 0.710557 0.011806 0.013773
2 0.691936 0.869697 0.008584 0.009087
2 0.604036 0.740743 0.011806 0.017293
2 0.578814 0.901642 0.010302 0.011430
2 0.530086 0.886695 0.009876 0.012017
2 0.532126 0.822365 0.011376 0.016997
2 0.500036 0.811082 0.015886 0.021983
2 0.396572 0.890857 0.011806 0.013480
2 0.324576 0.934525 0.013738 0.016997
2 0.312664 0.943317 0.014382 0.015240
2 0.314166 0.959143 0.014382 0.016413
2 0.058708 0.987322 0.010352 0.012957
2 0.052410 0.993720 0.011042 0.012560
2 0.044042 0.996310 0.009316 0.007380
2 0.097768 0.780878 0.012422 0.014417
2 0.061806 0.751453 0.013790 0.014247
2 0.418796 0.560030 0.009538 0.015060
2 0.389952 0.519632 0.018038 0.020963