1 0.460368 0.759182 0.032584 0.032897
1 0.555948 0.917922 0.013646 0.020283
1 0.577792 0.919800 0.014856 0.012620
1 0.619156 0.401327 0.018894 0.024300
1 0.636270 0.369548 0.014788 0.022057
1 0.296530 0.316125 0.026944 0.026917
1 0.173312 0.405178 0.021688 0.025570
1 0.154582 0.366372 0.019716 0.023330
1 0.116466 0.359867 0.018400 0.025573
1 0.075268 0.174845 0.016704 0.027290
1 0.162752 0.258402 0.019168 0.029910
1 0.319880 0.052198 0.012618 0.017763
1 0.006308 0.495297 0.012614 0.020120
1 0.850152 0.336015 0.032172 0.036763
1 0.618280 0.162285 0.022454 0.036263
1 0.190488 0.247097 0.017746 0.027693
1 0.223938 0.252613 0.020918 0.029640
2 0.213498 0.640062 0.017718 0.019983
2 0.092320 0.553522 0.016396 0.022537
1 0.022958 0.463510 0.014966 0.015173
2 0.091922 0.278735 0.019624 0.015263
2 0.520122 0.352733 0.016416 0.027420
2 0.547772 0.336418 0.017604 0.026443
2 0.723098 0.398417 0.037652 0.047667
1 0.787896 0.620905 0.015406 0.026443
2 0.849130 0.591398 0.015774 0.019657
2 0.922622 0.631858 0.021220 0.024923
2 0.586160 0.815897 0.012868 0.024673
2 0.651332 0.921697 0.022728 0.023180
2 0.470446 0.944988 0.025192 0.034770
1 0.577406 0.931597 0.013646 0.014573
1 0.581478 0.901922 0.012546 0.017130
1 0.930106 0.852557 0.028294 0.033647
1 0.716668 0.494010 0.018444 0.022327
1 0.778658 0.545545 0.021868 0.024143
1 0.460342 0.393663 0.017250 0.020933
1 0.802462 0.608620 0.018064 0.022067
1 0.700334 0.678827 0.018540 0.026180
1 0.751596 0.708033 0.019334 0.024880
1 0.520308 0.413665 0.021084 0.031777
0 0.148378 0.724762 0.031946 0.038163
1 0.079292 0.913845 0.020468 0.028123
1 0.221166 0.790265 0.023960 0.030377