1 0.513760 0.821532 0.012422 0.016963
1 0.589574 0.955163 0.015764 0.015193
1 0.691732 0.940393 0.016072 0.016880
1 0.884302 0.859575 0.019166 0.023210
1 0.856174 0.820327 0.011746 0.018147
1 0.972860 0.786775 0.015764 0.016883
1 0.824028 0.483338 0.016072 0.021943
1 0.892956 0.471522 0.018544 0.017723
1 0.962458 0.394573 0.017888 0.019333
1 0.963700 0.414417 0.016150 0.022047
1 0.822508 0.402238 0.024300 0.022590
1 0.823552 0.384735 0.019228 0.020963
1 0.800744 0.393385 0.018632 0.024017
1 0.862846 0.326613 0.015402 0.018993
1 0.949112 0.317993 0.021014 0.027560
1 0.961638 0.288032 0.015424 0.018797
1 0.846478 0.174210 0.020572 0.025033
1 0.830304 0.123025 0.014162 0.016690
1 0.957458 0.105828 0.009988 0.014043
1 0.692272 0.163925 0.040058 0.040110
1 0.615662 0.216752 0.017888 0.020270
1 0.593212 0.186712 0.011626 0.011970
1 0.608768 0.007803 0.011746 0.015607
1 0.465656 0.007382 0.027820 0.014763
1 0.560086 0.003793 0.017618 0.007587
1 0.469716 0.133592 0.017888 0.020757
1 0.401474 0.165342 0.022002 0.023203
1 0.330728 0.134080 0.020390 0.022227
1 0.263916 0.146413 0.018066 0.018560
1 0.264454 0.299667 0.028442 0.027600
1 0.176714 0.253142 0.023970 0.025397
1 0.097202 0.247892 0.019498 0.023690
1 0.013948 0.120968 0.016696 0.022183
1 0.223310 0.014688 0.020122 0.023610
1 0.451868 0.314315 0.018548 0.021523
1 0.524044 0.344702 0.019476 0.024057
1 0.386958 0.415815 0.015454 0.020257
1 0.423278 0.522587 0.017620 0.020260
1 0.477994 0.513298 0.015156 0.019403
1 0.352962 0.627568 0.029156 0.033217
1 0.272556 0.649548 0.033628 0.026377
1 0.340620 0.687648 0.022002 0.035657
1 0.301354 0.749193 0.025044 0.036147
1 0.340708 0.793522 0.022540 0.030530
1 0.182222 0.909725 0.018244 0.021737
1 0.140186 0.955152 0.031840 0.037857
1 0.063356 0.779673 0.023432 0.020513
1 0.008470 0.785290 0.016938 0.027353
1 0.042070 0.648035 0.027368 0.031750
1 0.558832 0.672847 0.019318 0.022713