0 0.398714 0.251930 0.021674 0.033647
0 0.401452 0.285107 0.022592 0.027107
0 0.229278 0.725213 0.023134 0.028347
1 0.684712 0.174767 0.014658 0.019293
1 0.427944 0.097883 0.025860 0.034273
1 0.359776 0.167983 0.017686 0.020247
1 0.126878 0.120237 0.040844 0.044860
1 0.031862 0.367937 0.023276 0.032527
1 0.025704 0.456167 0.023544 0.026547
1 0.041448 0.573743 0.014516 0.021687
1 0.178152 0.724793 0.016890 0.026173
1 0.424454 0.883773 0.019854 0.026480
1 0.371594 0.975277 0.017700 0.021287
1 0.357720 0.989847 0.022246 0.020307
1 0.936794 0.671000 0.016352 0.019987
1 0.873596 0.412997 0.013150 0.017740
1 0.764212 0.281780 0.016324 0.022507
1 0.379812 0.312940 0.020542 0.025293
2 0.338516 0.371913 0.022050 0.025960
0 0.033256 0.099360 0.023516 0.029293
2 0.307536 0.138500 0.018032 0.026000
2 0.488876 0.011713 0.034786 0.023427
2 0.731860 0.162837 0.018868 0.026247
2 0.687862 0.190767 0.024688 0.025280
2 0.902366 0.131077 0.030474 0.043340
2 0.928970 0.046743 0.016084 0.017913
2 0.872678 0.031430 0.018198 0.026580
2 0.162512 0.960403 0.018472 0.025633
1 0.070992 0.993903 0.014882 0.012193
2 0.004822 0.566043 0.009644 0.016607