1 0.226594 0.716930 0.014334 0.028573
1 0.221434 0.794230 0.012038 0.016440
1 0.186606 0.848437 0.022072 0.027787
1 0.033096 0.725150 0.021784 0.028573
1 0.307092 0.859632 0.017396 0.021390
1 0.345280 0.863408 0.019814 0.031143
1 0.383182 0.898483 0.020276 0.030200
1 0.242606 0.907830 0.021428 0.029447
1 0.123970 0.924203 0.024480 0.029273
1 0.521972 0.858587 0.020544 0.029680
1 0.623378 0.750955 0.024606 0.036203
1 0.653716 0.900823 0.030336 0.039140
1 0.689310 0.919742 0.023172 0.032617
1 0.581070 0.985627 0.021262 0.025440
1 0.051994 0.068858 0.023000 0.027290
1 0.098132 0.076522 0.026010 0.031403
1 0.246542 0.092410 0.016154 0.024300
1 0.241478 0.117833 0.014786 0.018320
2 0.154626 0.015557 0.021018 0.022233
2 0.254930 0.005148 0.014966 0.010297
2 0.292486 0.746088 0.018046 0.026443
1 0.297358 0.033865 0.015894 0.022057
1 0.318470 0.238438 0.014644 0.019210
1 0.369526 0.267517 0.023200 0.033233
1 0.329782 0.290753 0.020918 0.022587
1 0.745052 0.041910 0.027094 0.030507
1 0.869364 0.230048 0.021394 0.030723
1 0.822936 0.263692 0.020442 0.026177
1 0.807818 0.347030 0.026148 0.034400
1 0.882690 0.368340 0.021868 0.028560
0 0.950970 0.411903 0.021040 0.025667
1 0.750820 0.417215 0.022098 0.029083
1 0.712598 0.458255 0.024488 0.031257
1 0.741364 0.555288 0.023890 0.030170
1 0.815020 0.572547 0.020704 0.024460
1 0.800786 0.617800 0.021298 0.028540
1 0.795810 0.652592 0.019310 0.023103
1 0.754802 0.647698 0.028068 0.029083
1 0.902810 0.579885 0.024288 0.030983
1 0.595184 0.347747 0.035086 0.046967
1 0.510218 0.365595 0.019952 0.021603
1 0.516410 0.481838 0.031648 0.038043
1 0.319306 0.473892 0.018990 0.019163
1 0.188182 0.653527 0.014332 0.025440
1 0.271142 0.736500 0.017488 0.030140