1 0.025748 0.795172 0.013666 0.018257
2 0.072732 0.797977 0.010166 0.008527
2 0.988768 0.555467 0.017756 0.019560
2 0.976766 0.537910 0.012858 0.021233
2 0.988216 0.532142 0.015920 0.022403
0 0.853638 0.501832 0.019400 0.020063
2 0.562610 0.402493 0.015186 0.016720
2 0.629486 0.432408 0.007938 0.011037
2 0.795062 0.734670 0.020454 0.024080
2 0.265808 0.138165 0.016924 0.022990
1 0.487548 0.841862 0.012522 0.017097
1 0.523082 0.793107 0.018692 0.025040
1 0.493014 0.732190 0.014284 0.021187
1 0.547152 0.685962 0.014284 0.018297
1 0.412336 0.695367 0.010936 0.012067
1 0.547666 0.629548 0.011328 0.015050
1 0.678214 0.658715 0.009188 0.013710
1 0.735504 0.824130 0.013880 0.012540
1 0.819112 0.778032 0.012588 0.015677
1 0.770328 0.892803 0.012050 0.014647
1 0.918964 0.927377 0.013104 0.016387
1 0.705286 0.976370 0.013370 0.012820
1 0.666660 0.975812 0.010206 0.011983
1 0.471936 0.993320 0.012500 0.013360
1 0.280858 0.892030 0.013470 0.016553
1 0.234234 0.877392 0.011694 0.012483
1 0.227076 0.859878 0.009848 0.013257
1 0.049538 0.926172 0.012736 0.019897
1 0.081500 0.819998 0.012736 0.017890
1 0.200242 0.798475 0.021338 0.021190
2 0.331146 0.587717 0.032166 0.036113
1 0.003798 0.711382 0.007598 0.023677
1 0.241560 0.683168 0.022750 0.025763
1 0.297816 0.639108 0.014284 0.021430
1 0.286706 0.633328 0.011462 0.017577
1 0.285452 0.614975 0.016736 0.022850
1 0.186576 0.533613 0.017634 0.018660
2 0.021398 0.555583 0.017634 0.020867
2 0.036680 0.531205 0.012932 0.015050
1 0.277942 0.482605 0.018676 0.021177
1 0.349948 0.432513 0.014034 0.015673
1 0.446246 0.428893 0.010532 0.013880
1 0.443522 0.509008 0.019136 0.029030
2 0.362040 0.652863 0.022858 0.026593
1 0.559892 0.457518 0.011838 0.013503
1 0.841204 0.587168 0.012486 0.015890
1 0.948598 0.588035 0.014390 0.018203
1 0.789462 0.511325 0.011850 0.013870
1 0.758784 0.461197 0.012706 0.013580
1 0.893592 0.429842 0.011058 0.013237
1 0.755814 0.389107 0.012258 0.015673
1 0.779520 0.380882 0.010916 0.017610
1 0.789442 0.379045 0.008646 0.010257
1 0.709124 0.307613 0.012452 0.012960
1 0.707134 0.292147 0.012758 0.016580
1 0.747036 0.302040 0.015000 0.019647
1 0.806064 0.221367 0.012168 0.016373
1 0.767182 0.176358 0.014490 0.020623
1 0.846730 0.169113 0.011328 0.015887
2 0.869030 0.166675 0.010818 0.011843
2 0.888828 0.141455 0.010616 0.012957
2 0.451756 0.976653 0.017342 0.020467
2 0.895564 0.132607 0.013062 0.012820
1 0.565862 0.230783 0.014184 0.016860
1 0.571374 0.214690 0.010104 0.011427
1 0.561984 0.267638 0.013776 0.015883
1 0.411388 0.174882 0.017194 0.022270
2 0.332204 0.673383 0.016506 0.023113
1 0.338448 0.169758 0.016372 0.018677
1 0.283148 0.112437 0.010716 0.012307
1 0.002388 0.284280 0.004778 0.011200
2 0.549776 0.989395 0.012640 0.015450
0 0.720512 0.250580 0.053582 0.057553