1 0.896364 0.455742 0.019058 0.028263
1 0.857592 0.393832 0.017088 0.019290
1 0.755684 0.247045 0.023366 0.021777
1 0.754738 0.215140 0.023774 0.024813
1 0.843964 0.183488 0.024108 0.035450
1 0.557984 0.333138 0.026338 0.032917
1 0.583206 0.311108 0.022626 0.025323
1 0.550898 0.027000 0.018916 0.030387
1 0.710582 0.080175 0.019288 0.019243
1 0.292180 0.333645 0.020772 0.017723
1 0.121372 0.414673 0.020400 0.027853
1 0.062950 0.249325 0.018548 0.023297
1 0.045888 0.245778 0.016318 0.022283
4 0.135838 0.252617 0.056752 0.073433
2 0.756570 0.470767 0.014438 0.016193
1 0.383938 0.566330 0.020044 0.023327
1 0.391332 0.656728 0.019714 0.019290
1 0.452120 0.675795 0.014458 0.018843
1 0.435198 0.762380 0.029244 0.032300
1 0.484320 0.735910 0.024314 0.028713
1 0.362744 0.779203 0.028256 0.027367
1 0.532458 0.902127 0.018072 0.018393
1 0.557266 0.944970 0.015114 0.015253
1 0.578952 0.934653 0.023658 0.019740
1 0.808798 0.740172 0.019388 0.023777
1 0.795818 0.648203 0.019716 0.025573
1 0.878458 0.689702 0.021358 0.024223
1 0.924294 0.467407 0.019058 0.022880
1 0.882072 0.421872 0.022014 0.029610