2 0.561840 0.116020 0.011220 0.017653
2 0.503940 0.032940 0.014070 0.014020
2 0.523724 0.321703 0.019334 0.021633
2 0.772542 0.750987 0.013920 0.019627
2 0.531248 0.613820 0.015734 0.017580
2 0.470834 0.577912 0.015738 0.017877
2 0.407066 0.582870 0.018706 0.017580
2 0.348920 0.313643 0.020996 0.023620
2 0.375320 0.965850 0.019990 0.025047
1 0.018378 0.447995 0.020600 0.028343
2 0.093104 0.902182 0.025556 0.024923
2 0.202974 0.827098 0.023960 0.039877
1 0.339704 0.819673 0.021868 0.027520
1 0.788226 0.239237 0.031428 0.038220
1 0.697962 0.146170 0.013692 0.014953
1 0.605496 0.166488 0.019678 0.026323
1 0.448024 0.419378 0.016758 0.020637
1 0.111266 0.684068 0.013464 0.015890
1 0.151312 0.732668 0.013688 0.017757
1 0.172192 0.799962 0.015290 0.021497
0 0.073348 0.532458 0.014422 0.014497
0 0.905298 0.882235 0.026148 0.027043
0 0.414406 0.499300 0.021658 0.023107
2 0.659948 0.326532 0.011314 0.014723
1 0.085024 0.387162 0.041756 0.051403
2 0.338686 0.777465 0.012874 0.014723
2 0.437476 0.886965 0.018894 0.021310
2 0.266214 0.129612 0.021252 0.029637
2 0.158116 0.119552 0.021456 0.025243
2 0.890854 0.793825 0.022364 0.027417
2 0.985390 0.573077 0.016758 0.018393
2 0.941618 0.355822 0.027840 0.032303
2 0.838624 0.462975 0.023000 0.022057
2 0.630790 0.502233 0.017874 0.018953
2 0.753820 0.415132 0.014832 0.015057