0 0.009656 0.486823 0.019314 0.033787
2 0.292286 0.973140 0.030684 0.036293
2 0.101464 0.871972 0.020122 0.024830
2 0.081564 0.851618 0.018784 0.024017
2 0.234424 0.837882 0.028570 0.029683
2 0.417588 0.916187 0.013292 0.017640
2 0.400382 0.932383 0.009192 0.010007
2 0.456568 0.819062 0.010266 0.014370
2 0.465928 0.813820 0.014148 0.020847
2 0.178918 0.688573 0.016392 0.019080
2 0.250390 0.646135 0.011386 0.018517
2 0.275348 0.432490 0.010144 0.013427
2 0.374078 0.421668 0.013614 0.015997
2 0.065074 0.217858 0.013770 0.020210
2 0.050122 0.123095 0.008686 0.011043
2 0.235236 0.187668 0.015940 0.024450
2 0.231664 0.211907 0.019562 0.028267
2 0.292448 0.255552 0.009732 0.011023
2 0.464290 0.403192 0.008926 0.017097
2 0.437000 0.162298 0.012732 0.018797
2 0.455638 0.033598 0.017254 0.022263
2 0.792532 0.276018 0.016562 0.020777
2 0.655618 0.596487 0.013416 0.015433
2 0.823504 0.677818 0.008366 0.010837
1 0.465264 0.868868 0.010932 0.014417
1 0.456382 0.889307 0.009316 0.011533
1 0.388686 0.933093 0.011980 0.013360
1 0.120062 0.940707 0.010766 0.015120
1 0.056242 0.955758 0.020186 0.022330
1 0.140516 0.730822 0.011862 0.017177
1 0.127720 0.725325 0.011860 0.016197
1 0.336424 0.749195 0.014138 0.019303
1 0.495506 0.654775 0.011382 0.011450
1 0.269474 0.587893 0.010604 0.013493
1 0.006066 0.631488 0.009278 0.015677
1 0.011990 0.440937 0.008554 0.010700
1 0.062770 0.117050 0.011214 0.016293
1 0.075314 0.116118 0.011860 0.016197
1 0.093834 0.094525 0.011646 0.014623
1 0.084848 0.046137 0.012580 0.017993
1 0.220106 0.199858 0.010964 0.016603
1 0.299910 0.399040 0.011030 0.012473
1 0.332500 0.492067 0.013520 0.016813
1 0.351896 0.457147 0.015270 0.018020
1 0.363628 0.450433 0.014062 0.016133
1 0.358452 0.434768 0.012164 0.021083
1 0.369062 0.436298 0.012510 0.014723
1 0.495548 0.555323 0.009192 0.013060
2 0.566852 0.543943 0.015154 0.019167
1 0.603322 0.633568 0.011216 0.016843
1 0.625766 0.874618 0.015632 0.020210
1 0.546006 0.956985 0.023184 0.028137
1 0.791186 0.900623 0.024638 0.026573
1 0.909666 0.857773 0.011922 0.012187
1 0.878360 0.752628 0.011142 0.012923
1 0.710152 0.745918 0.018738 0.021623
1 0.664450 0.545615 0.015010 0.022190
1 0.663298 0.435555 0.020212 0.024423
1 0.556766 0.426288 0.013790 0.020183
1 0.596382 0.363417 0.015240 0.018353
1 0.664200 0.337372 0.021946 0.024170
1 0.698462 0.293308 0.014234 0.018650
1 0.738876 0.224192 0.011716 0.013250
1 0.836616 0.246143 0.010664 0.012353
1 0.952850 0.249460 0.011696 0.015407
1 0.913340 0.157043 0.010352 0.013073
1 0.992308 0.134737 0.013198 0.021553
1 0.875290 0.080062 0.012336 0.013897
1 0.759340 0.177375 0.013680 0.015023