2 0.642526 0.332945 0.014194 0.018630
1 0.355470 0.265202 0.026960 0.034683
1 0.320572 0.369537 0.011408 0.016353
2 0.362096 0.316613 0.009904 0.012020
1 0.639318 0.421430 0.014130 0.024340
1 0.645842 0.401327 0.013732 0.019833
1 0.623326 0.389607 0.018884 0.020553
0 0.549704 0.906762 0.026014 0.026170
1 0.778584 0.923817 0.018730 0.027367
2 0.767302 0.781005 0.014262 0.017850
1 0.750082 0.732797 0.013152 0.017740
2 0.683370 0.752158 0.016320 0.021850
2 0.577770 0.839402 0.017298 0.017670
2 0.747922 0.970378 0.011600 0.015577
1 0.250044 0.890840 0.019492 0.024447
1 0.326186 0.943413 0.018698 0.022287
1 0.374516 0.868772 0.019016 0.024017
1 0.427360 0.808410 0.021392 0.033100
1 0.525398 0.702288 0.018486 0.018390
1 0.376248 0.640990 0.023110 0.025600
1 0.298536 0.667763 0.014790 0.014967
1 0.268494 0.702830 0.012544 0.013700
2 0.274438 0.688587 0.013864 0.016227
1 0.220188 0.652653 0.023002 0.028413
1 0.131196 0.662490 0.018488 0.019533
1 0.117714 0.627483 0.012436 0.016227
1 0.048630 0.698828 0.014000 0.014423
2 0.077880 0.512952 0.012932 0.019730
2 0.159310 0.329560 0.016796 0.022067
1 0.189052 0.179173 0.010776 0.014927
1 0.083962 0.142697 0.020284 0.028560
1 0.154318 0.059508 0.027888 0.041323
1 0.181256 0.058860 0.031692 0.048247
2 0.388184 0.107972 0.015716 0.017850
2 0.387128 0.071282 0.010168 0.013343
1 0.474128 0.098000 0.034228 0.041873
1 0.547512 0.053887 0.017798 0.023927
1 0.555180 0.126600 0.012868 0.017573
1 0.688270 0.183752 0.020156 0.019990
1 0.756440 0.204392 0.020728 0.033750
1 0.809874 0.181285 0.014644 0.015057
1 0.919476 0.078632 0.025290 0.029857
1 0.991926 0.149637 0.013498 0.018693
1 0.823852 0.357418 0.016428 0.024677
1 0.808792 0.568085 0.027382 0.040003
1 0.671470 0.627903 0.024370 0.029533
1 0.574676 0.410357 0.013964 0.022060
1 0.624594 0.417012 0.015318 0.026683