1 0.562004 0.091548 0.026146 0.034830
2 0.414818 0.275923 0.022082 0.032840
2 0.484018 0.436407 0.017744 0.019920
2 0.246176 0.729217 0.062692 0.080753
2 0.178356 0.878878 0.017744 0.024763
2 0.011446 0.731468 0.022890 0.043070
2 0.444588 0.925123 0.021292 0.019920
2 0.475936 0.812068 0.020108 0.033917
2 0.626756 0.796188 0.018140 0.027997
0 0.628688 0.568832 0.015698 0.021997
1 0.606382 0.581945 0.016938 0.025663
1 0.670000 0.562770 0.036768 0.053300
2 0.288426 0.554182 0.021678 0.028350
1 0.768974 0.606355 0.025698 0.032650
1 0.369720 0.723788 0.021416 0.026317
1 0.356656 0.709755 0.018416 0.018130
1 0.414692 0.858873 0.022272 0.020467
1 0.079286 0.741890 0.022868 0.023687
1 0.021520 0.649295 0.027208 0.026917
1 0.293128 0.814230 0.010268 0.013707
2 0.300314 0.805040 0.017798 0.020253
1 0.238228 0.892630 0.028784 0.038760
1 0.582480 0.847065 0.030662 0.028683
1 0.467784 0.685428 0.019304 0.027910
2 0.246896 0.467572 0.013918 0.017757
2 0.118886 0.565553 0.019396 0.017447
0 0.688272 0.018072 0.053558 0.036143
0 0.608618 0.387148 0.039824 0.041990
0 0.719122 0.976327 0.035826 0.036760
0 0.818588 0.749413 0.046000 0.059667
2 0.345472 0.466637 0.012548 0.017760
1 0.051368 0.311503 0.028144 0.027780
1 0.047100 0.091725 0.026470 0.029597
2 0.276492 0.167585 0.030578 0.027730
2 0.720610 0.077063 0.017742 0.020187
2 0.840498 0.264775 0.021358 0.020937
2 0.861418 0.465612 0.018940 0.018070
2 0.876250 0.524337 0.016656 0.025233
2 0.814640 0.526050 0.025784 0.024300
2 0.957370 0.403145 0.018254 0.021497
1 0.910934 0.393955 0.027610 0.032403