0 0.592746 0.403757 0.032590 0.041893
0 0.889700 0.332928 0.021308 0.027490
0 0.784376 0.717118 0.012520 0.026243
0 0.793280 0.719405 0.011990 0.018783
0 0.192884 0.514305 0.013094 0.016977
0 0.200532 0.510248 0.011884 0.016077
0 0.198826 0.551790 0.022116 0.027047
2 0.206488 0.646465 0.018938 0.037383
2 0.167554 0.739290 0.014832 0.020253
2 0.072574 0.973417 0.011408 0.017133
2 0.166700 0.937460 0.012170 0.016873
2 0.227664 0.863857 0.015782 0.019213
2 0.369274 0.890780 0.017342 0.023367
2 0.336186 0.831430 0.013692 0.016200
2 0.438184 0.875980 0.015516 0.019940
2 0.655640 0.601708 0.015844 0.020123
2 0.632426 0.565253 0.014738 0.018173
2 0.600416 0.585893 0.018884 0.020553
2 0.482188 0.457207 0.014578 0.019253
2 0.516418 0.397927 0.015530 0.020987
2 0.436392 0.381485 0.018382 0.017957
2 0.761120 0.022728 0.009704 0.013877
2 0.736218 0.312577 0.013152 0.016660
2 0.794926 0.377590 0.010142 0.012547
2 0.738118 0.288777 0.014422 0.017093
2 0.878556 0.580790 0.026052 0.026480
2 0.920198 0.584685 0.015402 0.019210
2 0.756342 0.692987 0.018752 0.019833
1 0.196394 0.902902 0.015582 0.019830
1 0.330192 0.681087 0.016796 0.020553
1 0.323460 0.570640 0.025830 0.029427
1 0.521962 0.637038 0.017432 0.019470
1 0.569556 0.776462 0.016770 0.021277
1 0.732352 0.846833 0.021358 0.022880
1 0.884158 0.796138 0.016098 0.023777
1 0.889416 0.869265 0.022014 0.026470
1 0.753382 0.587975 0.019384 0.025570
1 0.705068 0.513017 0.016978 0.018320
1 0.668924 0.419367 0.023548 0.032900
1 0.785434 0.428153 0.019444 0.024300
1 0.785844 0.323285 0.020810 0.026170
1 0.873858 0.214230 0.014642 0.021807
1 0.863592 0.216828 0.013500 0.025443
1 0.793520 0.150493 0.018636 0.017393
1 0.972054 0.061405 0.019714 0.026917
1 0.766506 0.017062 0.013144 0.016903
1 0.504848 0.136422 0.037842 0.044917
1 0.074196 0.251467 0.031824 0.042007
1 0.126508 0.201502 0.030424 0.039377
1 0.075336 0.108240 0.023264 0.025840
1 0.076172 0.501720 0.022364 0.030220
1 0.973630 0.272232 0.023330 0.032303
2 0.985324 0.384612 0.028588 0.034543
1 0.854780 0.673008 0.022820 0.038010
1 0.931334 0.699645 0.026696 0.038943
2 0.800770 0.714758 0.011208 0.015563
1 0.937418 0.973345 0.018708 0.015323
1 0.934598 0.891122 0.022364 0.036450