1 0.260010 0.426422 0.020176 0.028723
1 0.307018 0.447817 0.019318 0.029307
1 0.055388 0.155730 0.025640 0.027680
1 0.230018 0.110830 0.023792 0.026867
1 0.278674 0.097275 0.019856 0.016850
1 0.156832 0.030800 0.020772 0.028867
1 0.420926 0.044423 0.025788 0.025440
1 0.420256 0.068950 0.022060 0.021167
1 0.498142 0.065795 0.021914 0.020150
1 0.657538 0.067063 0.027546 0.025887
1 0.089718 0.865275 0.014758 0.015263
1 0.155828 0.926537 0.016994 0.017707
1 0.706102 0.036292 0.025222 0.033703
1 0.804576 0.055585 0.023970 0.023443
1 0.828814 0.138257 0.015562 0.019293
1 0.921204 0.178798 0.032912 0.031017
1 0.831740 0.450045 0.021036 0.026670
1 0.729452 0.334280 0.019954 0.027840
1 0.619448 0.295887 0.015026 0.018467
1 0.609252 0.371500 0.018674 0.021980
1 0.562028 0.360508 0.017814 0.018170
1 0.674506 0.393627 0.015668 0.015827
1 0.646386 0.424547 0.018248 0.021980
1 0.522562 0.735795 0.023492 0.020257
1 0.394902 0.791080 0.016072 0.016880
1 0.366618 0.824203 0.021940 0.022353
1 0.380374 0.833493 0.018544 0.015613
1 0.474428 0.924062 0.025760 0.031357
1 0.662464 0.790273 0.014598 0.021687
1 0.644970 0.731073 0.014812 0.015827
1 0.837556 0.757108 0.020298 0.023337
1 0.792984 0.945725 0.012878 0.022957
1 0.810782 0.970392 0.014490 0.017097
1 0.730108 0.964165 0.016636 0.018317
2 0.981756 0.895438 0.015206 0.017830
1 0.694602 0.988342 0.014668 0.016850
1 0.644158 0.983458 0.014312 0.014897
1 0.973222 0.630940 0.022256 0.026147
1 0.785506 0.555763 0.018384 0.022387
1 0.994196 0.298340 0.011412 0.025860
1 0.460134 0.749802 0.022364 0.023990
2 0.381296 0.720983 0.018940 0.019940
1 0.077496 0.857643 0.011182 0.015467
1 0.183290 0.516975 0.013602 0.017303
1 0.085066 0.350077 0.011162 0.013187