2 0.424764 0.016820 0.019742 0.017440
0 0.619922 0.364823 0.040782 0.060967
0 0.409444 0.234947 0.033028 0.036693
1 0.713914 0.931517 0.035034 0.047020
0 0.321284 0.830710 0.022256 0.030007
1 0.672728 0.104377 0.037426 0.044847
1 0.233774 0.126453 0.026542 0.036240
2 0.378752 0.165657 0.024878 0.030367
0 0.492172 0.798987 0.032392 0.048920
2 0.601968 0.351583 0.021602 0.028180
0 0.712416 0.613520 0.048496 0.065880
0 0.895146 0.230543 0.028868 0.041313
1 0.903068 0.913947 0.032076 0.035107
1 0.458008 0.972670 0.035332 0.039633
1 0.360974 0.488817 0.012612 0.018127
2 0.369946 0.486807 0.008222 0.020173
2 0.376530 0.490903 0.012056 0.018207
2 0.565704 0.868773 0.026944 0.028960
2 0.747446 0.933157 0.016054 0.023873
2 0.667840 0.693313 0.016626 0.022307
2 0.733054 0.805643 0.015766 0.018393
2 0.850562 0.590183 0.025380 0.045300
1 0.977480 0.811500 0.048370 0.056773
1 0.189184 0.119913 0.031054 0.043707
2 0.282710 0.121217 0.026992 0.036527
2 0.929410 0.409010 0.024288 0.039687
2 0.980372 0.430887 0.027470 0.046480
2 0.756364 0.034573 0.015278 0.014107
2 0.751752 0.042723 0.016944 0.015260
2 0.695634 0.013147 0.031104 0.026293
2 0.512686 0.022850 0.053916 0.045700
2 0.425262 0.007223 0.016752 0.014447