2 0.179816 0.278110 0.028890 0.041440
0 0.126062 0.257142 0.026694 0.033450
0 0.153486 0.277610 0.023038 0.046433
2 0.567542 0.710337 0.014544 0.020900
2 0.577492 0.701628 0.016074 0.022990
2 0.640474 0.648540 0.012144 0.013933
2 0.762804 0.819792 0.017048 0.017657
2 0.844366 0.822700 0.010874 0.011840
2 0.853108 0.834237 0.011020 0.010833
2 0.852844 0.716982 0.014288 0.017977
2 0.857948 0.702700 0.016940 0.015607
2 0.884328 0.682497 0.016022 0.017000
2 0.007778 0.729370 0.015554 0.022573
2 0.018564 0.587770 0.014932 0.014147
2 0.500988 0.264263 0.017776 0.020227
2 0.814188 0.351503 0.011124 0.011147
2 0.278834 0.588935 0.023362 0.026697
2 0.205954 0.463772 0.013206 0.023230
1 0.209996 0.299653 0.019200 0.022053
1 0.411760 0.392727 0.008450 0.010700
1 0.453152 0.383282 0.014820 0.019897
1 0.510310 0.436328 0.013530 0.019970
1 0.516236 0.710117 0.014458 0.021367
1 0.526612 0.694557 0.014458 0.019507
1 0.538942 0.707330 0.015136 0.014400
1 0.536486 0.726198 0.016838 0.017303
2 0.476494 0.834113 0.016158 0.017880
1 0.451108 0.832083 0.012842 0.015907
1 0.166948 0.930982 0.015452 0.016837
1 0.247812 0.935322 0.021308 0.022470
1 0.254426 0.987970 0.013962 0.012240
1 0.465328 0.921362 0.013098 0.014283
1 0.583392 0.888065 0.011462 0.015650
1 0.393004 0.817463 0.020720 0.020867
2 0.249250 0.731715 0.010042 0.012017
1 0.045254 0.761113 0.013520 0.015093
1 0.056230 0.512477 0.016018 0.020707
1 0.019804 0.445382 0.011284 0.012763
1 0.152394 0.006865 0.015554 0.013730
1 0.180132 0.079522 0.043106 0.023910
1 0.318908 0.049665 0.011568 0.013703
1 0.308926 0.163340 0.011850 0.014447
1 0.345852 0.162763 0.021372 0.025427
1 0.472874 0.270247 0.017780 0.021067
1 0.555390 0.309675 0.014990 0.018057
1 0.552010 0.230622 0.019988 0.021670
1 0.522408 0.015885 0.019392 0.021597
1 0.735500 0.018320 0.014256 0.018260
1 0.853788 0.149450 0.021940 0.026960
1 0.711336 0.262385 0.017564 0.022823
1 0.736432 0.382955 0.018538 0.022190
1 0.660226 0.464778 0.017014 0.018030
2 0.599406 0.534815 0.042154 0.030510
2 0.887614 0.760620 0.017634 0.020267
1 0.891874 0.739253 0.021456 0.025280
1 0.826434 0.777118 0.020810 0.021430
1 0.776110 0.907530 0.009312 0.011267
1 0.881158 0.385988 0.015234 0.017337
1 0.824882 0.344817 0.013880 0.013933
1 0.595628 0.421012 0.029096 0.037923