1 0.544172 0.567377 0.014000 0.021513
1 0.891242 0.144313 0.018484 0.025847
1 0.878572 0.153065 0.020572 0.025443
1 0.759318 0.043672 0.015206 0.022797
1 0.769680 0.027288 0.019526 0.027477
1 0.751940 0.006572 0.015352 0.013143
1 0.737556 0.009013 0.015800 0.018027
1 0.492006 0.039180 0.014404 0.015900
1 0.422774 0.124197 0.014594 0.020020
1 0.505058 0.208867 0.011904 0.015073
1 0.375284 0.330008 0.021762 0.023203
1 0.480232 0.285282 0.024224 0.026457
1 0.223024 0.492862 0.017388 0.024910
1 0.240660 0.550912 0.012172 0.015603
1 0.079832 0.609070 0.013540 0.014080
1 0.079228 0.128922 0.012022 0.019637
1 0.050894 0.151343 0.013310 0.014067
0 0.818436 0.481490 0.017168 0.020913
0 0.134214 0.408548 0.033842 0.040823
0 0.823926 0.010610 0.029892 0.021220
1 0.019382 0.891765 0.020176 0.019637
1 0.017236 0.915358 0.019748 0.019930
1 0.161162 0.909643 0.015668 0.021393
1 0.261662 0.869085 0.019318 0.022223
1 0.798852 0.953327 0.019318 0.017233
1 0.793382 0.761803 0.021840 0.020213
0 0.278212 0.404002 0.016744 0.019930
2 0.134246 0.496980 0.016534 0.018487
2 0.202596 0.416018 0.016276 0.024910
2 0.167358 0.379748 0.027368 0.029063
2 0.238262 0.301173 0.015776 0.015773
2 0.265778 0.205687 0.015184 0.020493
2 0.353540 0.118748 0.013540 0.018657
2 0.393078 0.246757 0.013804 0.022260
2 0.369614 0.258247 0.015206 0.023933
2 0.346430 0.402975 0.034128 0.028137
2 0.321784 0.567023 0.021824 0.026620
2 0.370258 0.567878 0.019678 0.023937
2 0.240224 0.918107 0.021534 0.025867
2 0.468642 0.841953 0.021108 0.020027
2 0.525426 0.928283 0.016976 0.024873
2 0.545510 0.925103 0.017806 0.025580
2 0.570498 0.916267 0.019584 0.024900
2 0.619358 0.958642 0.019150 0.020210
2 0.789042 0.741537 0.015010 0.019080
2 0.882624 0.760262 0.024534 0.024310
2 0.977140 0.459615 0.015652 0.021370
2 0.810064 0.449525 0.024100 0.021877
2 0.730140 0.479407 0.013890 0.019907
2 0.673110 0.207320 0.012022 0.014360
2 0.641878 0.319567 0.020394 0.021980
2 0.741348 0.207027 0.019748 0.024327
2 0.744102 0.260568 0.022360 0.028663
2 0.733420 0.283552 0.020870 0.027477
2 0.771928 0.260823 0.022112 0.028153
2 0.769940 0.296270 0.021614 0.026120
2 0.749692 0.309415 0.016894 0.024590
2 0.410224 0.118100 0.018484 0.021167
2 0.058402 0.495333 0.020994 0.022387
2 0.007244 0.539685 0.014490 0.025950
2 0.073184 0.622122 0.021132 0.022497
1 0.839128 0.881965 0.031900 0.033177
2 0.599970 0.650640 0.020124 0.020180
2 0.589658 0.643177 0.017392 0.017807
2 0.593136 0.628422 0.016150 0.023237
2 0.604192 0.632662 0.017392 0.025610