1 0.113564 0.776290 0.035430 0.049307
1 0.223280 0.816440 0.012552 0.016200
1 0.264924 0.745408 0.015516 0.019937
1 0.204112 0.879997 0.015288 0.018693
1 0.221682 0.897443 0.014374 0.014333
1 0.355170 0.885760 0.021224 0.026480
1 0.475650 0.836223 0.015744 0.015267
1 0.509878 0.892458 0.020308 0.021183
1 0.736934 0.840648 0.016464 0.017057
1 0.656022 0.721263 0.019306 0.017053
1 0.417678 0.695923 0.020264 0.028040
1 0.579916 0.665080 0.018894 0.020933
1 0.923676 0.939327 0.014644 0.022847
1 0.930352 0.786502 0.019624 0.027417
1 0.864064 0.742573 0.012552 0.012460
0 0.864862 0.757835 0.022360 0.021797
1 0.978150 0.680372 0.013470 0.018750
1 0.989704 0.636020 0.012280 0.016587
1 0.689732 0.568917 0.010726 0.011840
1 0.595720 0.554742 0.010268 0.014643
1 0.768116 0.335035 0.015212 0.013197
1 0.787060 0.327677 0.013134 0.020553
1 0.835628 0.328868 0.017098 0.019903
1 0.797662 0.076177 0.016428 0.019627
1 0.567266 0.048853 0.010952 0.016200
1 0.583124 0.183285 0.016658 0.025237
1 0.569890 0.269585 0.023960 0.032090
1 0.533836 0.358373 0.021678 0.028973
1 0.352476 0.030908 0.022360 0.028663
1 0.367764 0.014208 0.020994 0.028417
1 0.342780 0.012027 0.018938 0.024053
1 0.181842 0.094122 0.009812 0.015577
1 0.117038 0.144280 0.015744 0.014953
1 0.218236 0.213910 0.020994 0.027727
1 0.234324 0.264537 0.017114 0.022433
1 0.123770 0.303013 0.021450 0.025860
1 0.021542 0.298962 0.010952 0.012150
1 0.003704 0.028390 0.007408 0.026480
1 0.083372 0.520295 0.018826 0.020770
1 0.253990 0.596647 0.018698 0.027907
1 0.208434 0.660362 0.020124 0.021637
2 0.687346 0.981550 0.032784 0.036900
2 0.839592 0.581022 0.012360 0.012463
2 0.415906 0.317780 0.011398 0.024300
2 0.424468 0.317780 0.015744 0.024300