1 0.862072 0.767983 0.013228 0.019060
1 0.771952 0.713333 0.016726 0.021773
1 0.809124 0.742497 0.011734 0.013940
1 0.938410 0.600897 0.013594 0.020900
1 0.870096 0.426872 0.011902 0.015650
1 0.938546 0.345395 0.011990 0.015443
1 0.933912 0.336860 0.012928 0.015793
1 0.928426 0.344988 0.011312 0.017650
2 0.928506 0.219775 0.015410 0.020203
2 0.888398 0.384350 0.014816 0.020567
2 0.827778 0.396560 0.010410 0.012880
1 0.883326 0.322123 0.016414 0.023107
2 0.814698 0.286798 0.012798 0.017890
2 0.855988 0.336308 0.010056 0.017890
2 0.739318 0.085283 0.019222 0.033467
2 0.772280 0.034623 0.017354 0.023693
2 0.482784 0.068878 0.012460 0.014997
2 0.479654 0.079722 0.009156 0.010563
2 0.481896 0.087100 0.009390 0.010967
2 0.465616 0.085013 0.010582 0.014847
2 0.044086 0.349532 0.030262 0.031403
2 0.527600 0.725047 0.013438 0.020693
2 0.518652 0.726523 0.010318 0.016347
2 0.514832 0.717650 0.009934 0.013033
2 0.673630 0.678607 0.009934 0.014433
2 0.679584 0.672130 0.009998 0.012087
0 0.267950 0.082130 0.047316 0.044147
0 0.928624 0.733413 0.027426 0.037447
2 0.800396 0.979467 0.020740 0.023067
5 0.302186 0.240798 0.032172 0.033023
1 0.709606 0.529540 0.022482 0.027487
1 0.614614 0.735540 0.024542 0.031700
1 0.725142 0.866532 0.018492 0.017223
1 0.203454 0.942957 0.020818 0.024247
1 0.110860 0.632600 0.016736 0.022433
1 0.388176 0.544822 0.020986 0.025523
1 0.539184 0.681358 0.022432 0.030337
1 0.601644 0.609950 0.017634 0.028413
1 0.611166 0.561073 0.016224 0.020707
1 0.580058 0.447597 0.020810 0.029613
1 0.511724 0.349362 0.023100 0.028650
1 0.712408 0.471698 0.013930 0.020950
1 0.845424 0.256265 0.016252 0.023577
1 0.855836 0.137345 0.020822 0.024963
1 0.615422 0.103975 0.021162 0.025883
2 0.610378 0.228148 0.012952 0.023577
1 0.563262 0.291598 0.020350 0.031197
1 0.494454 0.215492 0.013714 0.025310
1 0.207896 0.096838 0.017810 0.023837
1 0.002646 0.393145 0.005290 0.016050
1 0.028498 0.363718 0.014572 0.016050
1 0.065822 0.203293 0.013814 0.021267
1 0.225820 0.174928 0.013862 0.020550
2 0.292614 0.187653 0.014698 0.018560
1 0.387414 0.245572 0.018860 0.028423
1 0.332060 0.256190 0.017146 0.020567
1 0.339836 0.272575 0.015064 0.022237
1 0.330590 0.309193 0.027922 0.026920
2 0.344816 0.386408 0.022146 0.020343
1 0.360738 0.364392 0.012144 0.017277
1 0.440546 0.458662 0.011822 0.015210
1 0.389668 0.501765 0.014594 0.023130
1 0.292504 0.568023 0.012492 0.017387
1 0.285584 0.514853 0.016286 0.021067
1 0.188060 0.381967 0.013226 0.020267
1 0.021762 0.498035 0.011850 0.018203
1 0.089162 0.478677 0.020528 0.023980
1 0.146192 0.565643 0.010578 0.014733
1 0.078476 0.975700 0.010984 0.013933
1 0.367684 0.780725 0.018370 0.023277
1 0.560478 0.766042 0.014942 0.020063
1 0.552644 0.944080 0.012544 0.012773
1 0.841314 0.965192 0.009156 0.010643
1 0.763240 0.904050 0.011268 0.014380
2 0.929232 0.775908 0.017342 0.017657
1 0.876842 0.821958 0.014256 0.020263