1 0.696868 0.053532 0.017776 0.018343
1 0.706564 0.023528 0.009270 0.014977
1 0.713664 0.018290 0.012076 0.015907
1 0.706776 0.004820 0.011394 0.009640
1 0.698782 0.002847 0.009014 0.005693
1 0.688492 0.005458 0.012416 0.010917
1 0.690448 0.015388 0.014798 0.015443
1 0.868370 0.017313 0.015732 0.017707
1 0.881372 0.006193 0.009332 0.012387
1 0.889818 0.010570 0.009450 0.011047
1 0.922620 0.450708 0.017828 0.026323
1 0.987504 0.333605 0.014578 0.018603
1 0.882048 0.338257 0.017588 0.025313
1 0.794356 0.426452 0.013692 0.019003
1 0.735600 0.431592 0.014832 0.018070
1 0.952038 0.725020 0.017880 0.021387
1 0.748524 0.703713 0.024300 0.024340
1 0.622490 0.704543 0.010896 0.014873
1 0.805104 0.750218 0.011662 0.021183
2 0.806260 0.542922 0.014672 0.018250
1 0.564936 0.519853 0.018982 0.025293
1 0.514920 0.514573 0.014012 0.017040
1 0.413962 0.898610 0.011486 0.016407
1 0.435550 0.858675 0.011092 0.013703
1 0.391408 0.837907 0.012456 0.016693
1 0.342542 0.776345 0.015738 0.024490
1 0.365540 0.990762 0.014138 0.018477
2 0.405320 0.928962 0.015528 0.016877
1 0.197244 0.879183 0.009064 0.012500
1 0.087856 0.790092 0.013022 0.019657
1 0.111058 0.813443 0.011372 0.017780
1 0.172256 0.665033 0.013946 0.020120
1 0.365282 0.651592 0.012194 0.014650
1 0.310710 0.586387 0.013754 0.017780
1 0.244644 0.511773 0.012416 0.015740
1 0.149832 0.469892 0.008846 0.011410
1 0.272552 0.458442 0.024944 0.028670
1 0.232460 0.392578 0.019296 0.021390
1 0.162766 0.276828 0.009576 0.016530
1 0.095218 0.221288 0.016966 0.023997
1 0.343870 0.345120 0.016596 0.019280
1 0.535660 0.323945 0.012544 0.014963
1 0.597062 0.334402 0.012280 0.012077
1 0.499858 0.264178 0.018928 0.025090
1 0.503290 0.190753 0.022728 0.022433
1 0.185064 0.133992 0.015820 0.019930
1 0.247840 0.114098 0.022006 0.023590
1 0.328784 0.114218 0.018526 0.015650
1 0.383246 0.032393 0.011092 0.011900
1 0.573002 0.117960 0.015450 0.015327
1 0.340274 0.658828 0.017790 0.021410
1 0.720170 0.095222 0.010122 0.017637
1 0.727698 0.096267 0.009184 0.019727
1 0.735010 0.080998 0.016160 0.021703
1 0.724976 0.055808 0.012416 0.016603
1 0.722680 0.042965 0.011564 0.015557
1 0.712646 0.047203 0.011736 0.015673
1 0.712048 0.059802 0.012416 0.014863