1 0.761298 0.387268 0.039824 0.044683
1 0.791890 0.512963 0.051916 0.064153
1 0.566048 0.440547 0.012994 0.018173
1 0.471574 0.254297 0.018882 0.021093
1 0.223518 0.243390 0.017958 0.019653
1 0.226488 0.275212 0.019676 0.020190
1 0.259670 0.050922 0.014196 0.017130
1 0.422512 0.059315 0.023198 0.031157
1 0.386798 0.174347 0.029206 0.035827
0 0.143786 0.378805 0.022626 0.033230
2 0.005338 0.759262 0.010676 0.017277
2 0.258532 0.381078 0.013754 0.015023
2 0.746264 0.974893 0.019966 0.024013
1 0.729214 0.889758 0.018858 0.024883
1 0.944342 0.957207 0.022448 0.020553
1 0.942902 0.926573 0.042388 0.045973
1 0.840458 0.929712 0.034860 0.040023
1 0.783600 0.751537 0.023548 0.033647
1 0.724730 0.629098 0.018618 0.030283
1 0.756766 0.628538 0.013692 0.020190
1 0.536398 0.811402 0.020468 0.026143
1 0.515204 0.818615 0.015584 0.017490
1 0.526626 0.835832 0.017300 0.021637
1 0.496982 0.869907 0.021922 0.024520
1 0.419468 0.787513 0.029052 0.036420
1 0.435070 0.623983 0.018408 0.022607
2 0.453198 0.592100 0.014062 0.021067
1 0.541624 0.695402 0.021486 0.029310
1 0.581556 0.595848 0.020726 0.028557
1 0.841750 0.367537 0.020308 0.025860
1 0.709978 0.524540 0.018486 0.024340
2 0.979600 0.203022 0.012148 0.015143
2 0.758054 0.063083 0.015206 0.014400
1 0.701562 0.102132 0.063860 0.082430
1 0.659350 0.235457 0.016240 0.020553
4 0.915108 0.274643 0.046840 0.076233
4 0.636258 0.958788 0.043374 0.059670
1 0.151294 0.466247 0.031762 0.038507
1 0.546052 0.288553 0.011750 0.016047