1 0.319090 0.206500 0.009404 0.013427
0 0.868746 0.752203 0.033698 0.036340
1 0.888530 0.308027 0.016248 0.021980
1 0.942490 0.394933 0.023106 0.026460
1 0.802444 0.219292 0.019976 0.025237
1 0.768700 0.104797 0.010008 0.011307
1 0.582662 0.061865 0.019676 0.017910
1 0.539806 0.068683 0.017438 0.017300
1 0.544802 0.226540 0.014288 0.015960
1 0.547410 0.242218 0.015032 0.018823
1 0.562106 0.257790 0.016750 0.018747
1 0.548052 0.267063 0.016534 0.017667
1 0.534788 0.280805 0.013298 0.018257
1 0.526666 0.285908 0.014736 0.018257
1 0.513726 0.291552 0.016030 0.019137
1 0.433874 0.300037 0.017640 0.021707
1 0.352322 0.310297 0.013292 0.016113
1 0.408286 0.168235 0.012836 0.016397
1 0.248878 0.167167 0.012078 0.014233
1 0.161998 0.293698 0.025362 0.029257
1 0.205224 0.590970 0.015010 0.014700
1 0.053878 0.626667 0.013024 0.016253
1 0.068024 0.613240 0.010440 0.014133
1 0.039630 0.691887 0.010710 0.013740
1 0.032476 0.918112 0.011428 0.013543
1 0.177380 0.904025 0.010244 0.012103
1 0.229004 0.717720 0.008696 0.011167
1 0.472668 0.884723 0.014712 0.018093
1 0.493730 0.745973 0.009626 0.012153
1 0.487538 0.734373 0.009764 0.012680
1 0.449360 0.658218 0.018426 0.021737
1 0.566784 0.660905 0.015008 0.014897
1 0.564718 0.683008 0.013772 0.016610
2 0.537796 0.682642 0.017888 0.018803
1 0.610462 0.715585 0.018186 0.024017
1 0.766936 0.678113 0.016528 0.021393
1 0.689556 0.596417 0.011180 0.012380
1 0.670650 0.514023 0.016520 0.016960
1 0.792914 0.504623 0.011984 0.011233
2 0.802056 0.480452 0.010604 0.012677
1 0.961058 0.579577 0.021106 0.023447
1 0.139854 0.394573 0.007578 0.009667
1 0.457700 0.558505 0.010136 0.012823
1 0.691718 0.332450 0.011358 0.013740
1 0.753372 0.270068 0.021324 0.025583
1 0.369328 0.057045 0.019378 0.024083
1 0.065556 0.176693 0.019748 0.022860
1 0.047094 0.148260 0.016744 0.017573
1 0.511840 0.482227 0.013238 0.018073