2 0.174334 0.301467 0.013560 0.016500
1 0.222642 0.011513 0.024168 0.023027
0 0.272222 0.123768 0.041594 0.058530
0 0.221994 0.123373 0.023726 0.029580
0 0.132556 0.265565 0.030596 0.035977
0 0.185018 0.687533 0.030804 0.038433
0 0.073310 0.711578 0.020778 0.021730
0 0.618780 0.789477 0.019632 0.022940
0 0.890856 0.264015 0.037574 0.052503
0 0.916946 0.278100 0.032866 0.046067
0 0.535442 0.300560 0.022402 0.026760
0 0.557546 0.210417 0.022696 0.019920
0 0.549368 0.222993 0.022254 0.025753
0 0.429040 0.136472 0.022990 0.028570
0 0.439970 0.405272 0.036430 0.041290
2 0.465070 0.502850 0.021136 0.022947
1 0.561712 0.548918 0.023938 0.026077
1 0.540194 0.423923 0.016042 0.018080
1 0.593626 0.408637 0.012634 0.013287
1 0.598584 0.401090 0.012382 0.014113
0 0.643128 0.452957 0.020372 0.027120
1 0.717918 0.472477 0.017536 0.022133
1 0.898624 0.654333 0.025290 0.030180
1 0.614000 0.654513 0.023100 0.028040
1 0.755236 0.847185 0.024936 0.030183
1 0.698912 0.978657 0.030064 0.035733
1 0.030870 0.444677 0.027236 0.033320
1 0.009334 0.322622 0.018666 0.034043
1 0.154274 0.176763 0.030134 0.041147
1 0.300134 0.102023 0.014328 0.014393
1 0.302128 0.113483 0.014838 0.014113
1 0.270812 0.179938 0.024460 0.029343
1 0.317510 0.227755 0.024562 0.028783
1 0.339462 0.233273 0.017910 0.023053
1 0.307230 0.327752 0.032342 0.028163
1 0.386860 0.392153 0.023726 0.035013
1 0.505348 0.324687 0.025496 0.028573
1 0.453800 0.122310 0.027766 0.030667
1 0.666586 0.072748 0.031242 0.046263
2 0.916426 0.101458 0.028970 0.041057
2 0.991052 0.257672 0.018338 0.016023
2 0.828232 0.258923 0.019070 0.017527
2 0.756140 0.252648 0.016334 0.033537
2 0.770632 0.256168 0.017562 0.031523
1 0.752338 0.069207 0.010148 0.012227
2 0.865734 0.541473 0.016360 0.020120
2 0.795778 0.963733 0.016682 0.016767
2 0.663018 0.872727 0.012488 0.014393
2 0.133182 0.498112 0.020266 0.022803
2 0.137972 0.511275 0.014614 0.012910
2 0.138770 0.525360 0.021860 0.018613
2 0.217124 0.514795 0.014492 0.013583
2 0.038138 0.080948 0.017686 0.021250
2 0.041940 0.011378 0.023874 0.022757
2 0.248388 0.308408 0.016358 0.022737