1 0.426672 0.962158 0.017194 0.017130
0 0.156646 0.299485 0.022010 0.025990
0 0.523814 0.692427 0.020336 0.032453
2 0.726428 0.484542 0.017322 0.021043
2 0.425116 0.199837 0.012302 0.014920
1 0.271456 0.275717 0.010894 0.013973
1 0.322458 0.305915 0.011446 0.013070
1 0.326918 0.166870 0.009346 0.013707
1 0.380046 0.226865 0.017332 0.019283
1 0.426354 0.280353 0.017654 0.020240
1 0.453838 0.189157 0.011910 0.016520
1 0.452532 0.175072 0.013500 0.015650
1 0.515264 0.159553 0.011304 0.014127
1 0.201402 0.134713 0.018818 0.026893
1 0.228004 0.031910 0.017238 0.016027
1 0.121910 0.020802 0.009614 0.011910
1 0.077008 0.110900 0.012532 0.013147
1 0.008106 0.333783 0.011606 0.014607
1 0.149132 0.379908 0.009744 0.011303
1 0.037714 0.489883 0.020710 0.023580
1 0.065972 0.528005 0.017728 0.019997
1 0.177782 0.617152 0.011692 0.015337
1 0.193660 0.625130 0.018680 0.020360
1 0.301340 0.619823 0.013984 0.012207
1 0.225528 0.532988 0.011556 0.012270
1 0.259688 0.549077 0.015312 0.016653
1 0.059272 0.805402 0.014636 0.017577
1 0.113006 0.807575 0.009426 0.009650
1 0.275230 0.949660 0.011006 0.012627
1 0.339248 0.961462 0.012416 0.014083
1 0.379814 0.963853 0.012290 0.015213
1 0.470134 0.949812 0.013818 0.014697
1 0.543488 0.950455 0.011336 0.011910
1 0.731612 0.933287 0.021640 0.024413
1 0.425364 0.679937 0.014836 0.017040
1 0.626314 0.030238 0.012558 0.013283
1 0.873428 0.160750 0.015848 0.021933
1 0.799700 0.219720 0.016066 0.019080
1 0.754914 0.218970 0.012326 0.017280
1 0.893204 0.422547 0.025828 0.030940
1 0.727534 0.467117 0.017432 0.020987
1 0.874838 0.619927 0.023548 0.022987
1 0.932952 0.533202 0.011998 0.014397