0 0.445406 0.121227 0.038300 0.047093
1 0.017490 0.304930 0.017510 0.026420
1 0.016124 0.397417 0.027480 0.035313
1 0.231870 0.500267 0.039824 0.052973
1 0.149954 0.613807 0.015816 0.020667
1 0.075848 0.701810 0.017652 0.022020
1 0.069676 0.691430 0.017348 0.022433
1 0.785494 0.794523 0.013408 0.017900
2 0.736132 0.519647 0.021308 0.032907
1 0.607002 0.449807 0.027334 0.032507
2 0.632028 0.541960 0.034536 0.042733
1 0.680230 0.566137 0.025126 0.031700
0 0.689422 0.548957 0.017182 0.023807
0 0.669226 0.618770 0.040660 0.048660
2 0.448244 0.794930 0.027680 0.040913
2 0.874800 0.946177 0.024834 0.035313
2 0.657998 0.915480 0.054854 0.069693
2 0.607576 0.940197 0.019252 0.027487
0 0.366628 0.919320 0.029096 0.042133
2 0.360366 0.969880 0.016220 0.024320
2 0.179246 0.585270 0.022094 0.033980
2 0.108270 0.551643 0.024380 0.038140
2 0.112968 0.640747 0.017520 0.027040
2 0.171456 0.449243 0.024102 0.034113
2 0.115760 0.463890 0.022338 0.032500
2 0.108914 0.327787 0.033326 0.041653
2 0.105828 0.377870 0.022222 0.026727
2 0.362542 0.442877 0.026412 0.042647
2 0.426152 0.516207 0.027168 0.038133
0 0.383312 0.314073 0.032504 0.045067
2 0.370394 0.212780 0.014594 0.019507
2 0.512220 0.220383 0.028394 0.035153
2 0.712730 0.181887 0.022178 0.028693
1 0.845192 0.047437 0.035786 0.039487
1 0.268134 0.029607 0.033858 0.040453
2 0.344000 0.046653 0.017988 0.026000
0 0.987932 0.787303 0.023276 0.035153
0 0.982586 0.541137 0.026158 0.031900
0 0.982126 0.143847 0.033648 0.039293
0 0.593790 0.069853 0.035762 0.051427
0 0.620434 0.402150 0.031954 0.046233
0 0.579400 0.509240 0.044610 0.061413
0 0.532452 0.720280 0.064502 0.095693
0 0.484964 0.789103 0.041646 0.055127
0 0.043964 0.948233 0.037910 0.049600
0 0.093076 0.985917 0.035976 0.028167
0 0.156260 0.450717 0.052656 0.076087
0 0.083636 0.266487 0.068012 0.087467