0 0.725726 0.697007 0.031450 0.040493
0 0.782712 0.937467 0.055542 0.049733
0 0.500866 0.052490 0.035034 0.052727
0 0.865708 0.324967 0.035596 0.036200
0 0.172344 0.426500 0.040372 0.050880
1 0.272706 0.148350 0.035332 0.046660
1 0.546652 0.607030 0.036314 0.046313
2 0.849614 0.347330 0.035498 0.050287
2 0.860446 0.871830 0.028364 0.028313
2 0.889312 0.903880 0.027706 0.033067
2 0.364384 0.689973 0.043476 0.049573
2 0.206480 0.894797 0.026280 0.042073
2 0.232042 0.965577 0.030098 0.040767
2 0.159182 0.979600 0.033442 0.033600
0 0.006390 0.931257 0.012778 0.041527
2 0.237756 0.328857 0.047378 0.050287
2 0.290906 0.293523 0.037026 0.044300
2 0.364266 0.476170 0.033248 0.042127
2 0.536984 0.745507 0.044584 0.068200
2 0.585280 0.430453 0.022290 0.035507
2 0.526044 0.400300 0.030136 0.043960
2 0.524260 0.029333 0.032446 0.040493