0 0.051588 0.233262 0.028978 0.030530
1 0.040810 0.039763 0.021464 0.020147
1 0.268806 0.173417 0.027578 0.031953
1 0.450606 0.285050 0.025786 0.031953
1 0.518206 0.247500 0.017292 0.028493
1 0.844040 0.141612 0.018244 0.017877
1 0.734438 0.377650 0.019676 0.021493
1 0.738194 0.397065 0.016458 0.016850
1 0.751968 0.403537 0.018604 0.020027
1 0.757872 0.426738 0.022896 0.027843
1 0.967374 0.730315 0.027012 0.033703
1 0.654026 0.770863 0.014594 0.019647
1 0.667276 0.776445 0.013974 0.019503
1 0.677270 0.993510 0.022666 0.012980
1 0.772192 0.932508 0.017258 0.020397
1 0.922750 0.947807 0.020092 0.020047
1 0.848640 0.013715 0.029366 0.027430
1 0.499156 0.496963 0.018892 0.021980
1 0.436476 0.579172 0.025760 0.033410
1 0.274082 0.501640 0.023106 0.029107
2 0.754350 0.964643 0.016768 0.020693
2 0.962802 0.804880 0.010302 0.011607
2 0.868630 0.651077 0.017060 0.025320
2 0.744666 0.580965 0.017496 0.019503
2 0.741146 0.594815 0.017082 0.015830
2 0.580342 0.476860 0.014682 0.015120
2 0.857852 0.501600 0.020122 0.018520
2 0.540938 0.380938 0.016022 0.021370
2 0.561126 0.349815 0.016894 0.022897
2 0.536964 0.285450 0.014534 0.016960
2 0.553236 0.278752 0.014534 0.017470
2 0.552366 0.292573 0.016022 0.013907
2 0.553424 0.304870 0.017888 0.017127
2 0.380534 0.359993 0.017000 0.016180
2 0.424888 0.125850 0.016458 0.020760
2 0.303162 0.076638 0.018782 0.017097
2 0.301374 0.090313 0.012702 0.014653
2 0.293234 0.094955 0.015384 0.015143
2 0.744592 0.100983 0.018334 0.015060
2 0.753014 0.029648 0.011926 0.016077
2 0.470584 0.615567 0.018030 0.021453
2 0.533950 0.661110 0.019062 0.026027
2 0.419582 0.667967 0.012364 0.018640
2 0.429244 0.673418 0.013652 0.016177
2 0.460522 0.590740 0.015564 0.027353
2 0.256206 0.743478 0.015206 0.018563
2 0.236350 0.715025 0.015206 0.021737
2 0.214528 0.719423 0.013060 0.015873
2 0.153442 0.715637 0.012878 0.015633
2 0.185052 0.523987 0.020608 0.022860
2 0.223368 0.487937 0.012234 0.014653
2 0.259644 0.544355 0.016528 0.027843
2 0.161656 0.420237 0.017602 0.031067
2 0.172846 0.422908 0.013768 0.026003
2 0.180920 0.434640 0.016044 0.022613
2 0.184594 0.416053 0.015112 0.021060
2 0.190496 0.425735 0.014908 0.017810
2 0.141058 0.921998 0.021464 0.024423
2 0.147242 0.899915 0.024896 0.029917