1 0.252006 0.355998 0.013984 0.025357
1 0.279294 0.394353 0.016782 0.025040
1 0.325706 0.466043 0.017056 0.027420
1 0.207258 0.537308 0.017718 0.019983
1 0.059472 0.543175 0.020124 0.028990
2 0.023648 0.528732 0.020726 0.025917
1 0.247120 0.064718 0.017584 0.018797
1 0.437200 0.218767 0.024358 0.023867
1 0.515950 0.298443 0.048732 0.054467
1 0.669360 0.157755 0.042204 0.050823
1 0.715942 0.089262 0.032248 0.032890
1 0.965524 0.129147 0.025576 0.034353
1 0.895104 0.396285 0.025878 0.023377
1 0.942386 0.343285 0.021298 0.028810
1 0.697152 0.432483 0.028894 0.032087
1 0.645160 0.547148 0.036082 0.040203
1 0.768264 0.535542 0.019908 0.023783
1 0.932968 0.721062 0.020044 0.026803
1 0.956492 0.893613 0.016258 0.024460
1 0.933054 0.974367 0.012934 0.013800
1 0.882620 0.975267 0.033508 0.027860
1 0.764518 0.892710 0.017004 0.019253
1 0.602040 0.835613 0.016590 0.023027
1 0.527044 0.822968 0.021152 0.021897
1 0.446984 0.508392 0.014810 0.018917
1 0.423932 0.494857 0.015052 0.016633
1 0.373754 0.647458 0.036162 0.043283
1 0.050752 0.751327 0.027042 0.026727
2 0.009412 0.491752 0.018826 0.029337
0 0.306724 0.875645 0.037624 0.041857
2 0.658232 0.649277 0.029064 0.030713
0 0.214588 0.037733 0.019258 0.017427
0 0.123582 0.419337 0.015318 0.020913
0 0.136060 0.424837 0.012546 0.018207
0 0.204764 0.585190 0.038348 0.049760
0 0.125612 0.591897 0.029316 0.032020
2 0.307912 0.969783 0.013328 0.015940
2 0.978844 0.919323 0.024084 0.030940
2 0.717254 0.194222 0.015220 0.017043
1 0.070342 0.189300 0.020044 0.019740
1 0.200336 0.316480 0.015734 0.022087
1 0.210406 0.318058 0.013868 0.022837
1 0.289964 0.137938 0.022058 0.028817
1 0.222662 0.310352 0.010774 0.017110
1 0.230532 0.317968 0.014902 0.020450
1 0.211962 0.350730 0.015512 0.023373
1 0.230532 0.351460 0.013066 0.026087
1 0.241652 0.357042 0.013908 0.025143