1 0.034432 0.818610 0.035240 0.043553
1 0.559924 0.620067 0.026586 0.035027
1 0.620974 0.647707 0.038638 0.050640
1 0.579860 0.687380 0.033072 0.035453
1 0.369378 0.550457 0.031528 0.037980
1 0.469152 0.485887 0.025590 0.031400
1 0.518194 0.632940 0.028438 0.038827
1 0.215628 0.658073 0.039322 0.034440
1 0.135696 0.773540 0.033754 0.039507
4 0.057542 0.680540 0.061206 0.097067
4 0.140726 0.478153 0.106294 0.162627
4 0.336260 0.398150 0.048516 0.087513
1 0.493122 0.745753 0.024038 0.025493
1 0.139404 0.814813 0.027080 0.032920