0 0.682366 0.134007 0.022720 0.022960
0 0.048670 0.813377 0.029986 0.035153
0 0.209804 0.828080 0.031220 0.047267
0 0.515654 0.972323 0.023848 0.024220
0 0.219314 0.446550 0.023442 0.030953
1 0.388112 0.794143 0.016098 0.022273
1 0.290888 0.256477 0.014698 0.019647
1 0.299792 0.239583 0.015112 0.017527
1 0.086290 0.024397 0.022002 0.024913
2 0.037702 0.736517 0.017514 0.022727
2 0.068892 0.573653 0.027080 0.030387
2 0.186882 0.500473 0.016694 0.031907
2 0.460840 0.104197 0.013964 0.019927
2 0.399820 0.071480 0.015322 0.018373
1 0.300984 0.571057 0.020572 0.028700
1 0.809086 0.991423 0.015206 0.017153
2 0.692488 0.895900 0.016098 0.025400
2 0.497422 0.922670 0.027012 0.033460