2 0.203150 0.773860 0.017888 0.023933
2 0.253862 0.651258 0.019140 0.028817
2 0.129274 0.617677 0.017530 0.019780
2 0.101978 0.601950 0.011806 0.018073
2 0.145356 0.565668 0.012342 0.014923
2 0.103696 0.541868 0.015202 0.017583
0 0.290264 0.576598 0.039354 0.041763
2 0.049512 0.802875 0.015564 0.020270
2 0.474500 0.925843 0.017438 0.021167
2 0.648156 0.987462 0.010662 0.010883
2 0.685616 0.859533 0.015970 0.020047
2 0.784992 0.991230 0.014738 0.017540
2 0.836838 0.868978 0.012112 0.013710
2 0.970686 0.692563 0.015424 0.024027
2 0.644300 0.683468 0.011478 0.017910
2 0.688276 0.700972 0.016248 0.017097
2 0.491182 0.757705 0.011860 0.014330
2 0.277614 0.477407 0.018116 0.023320
2 0.122410 0.400902 0.020394 0.017243
2 0.010168 0.238792 0.010062 0.010517
2 0.054490 0.207995 0.012596 0.018137
2 0.087486 0.202282 0.013372 0.015430
2 0.218384 0.175387 0.018116 0.026007
2 0.302492 0.297318 0.015838 0.018797
2 0.394222 0.259315 0.020372 0.024930
2 0.352648 0.233957 0.016174 0.017373
2 0.372668 0.210008 0.009922 0.012463
2 0.374592 0.158708 0.016872 0.015830
2 0.488564 0.147457 0.015098 0.017313
2 0.489902 0.126138 0.016392 0.020610
2 0.479374 0.299273 0.014038 0.016620
2 0.537806 0.223412 0.015114 0.019363
2 0.763958 0.308037 0.014858 0.015860
2 0.844090 0.276172 0.013056 0.020517
2 0.840960 0.310852 0.014668 0.019050
2 0.891402 0.294002 0.015026 0.024423
2 0.931024 0.417947 0.012342 0.013433
2 0.928610 0.345657 0.012522 0.017340
2 0.762062 0.463092 0.015950 0.020150
2 0.791948 0.520700 0.015010 0.017787
2 0.842026 0.559922 0.011302 0.014957
2 0.877912 0.554503 0.010096 0.013307
2 0.760494 0.638147 0.010784 0.013333
1 0.381986 0.780913 0.017888 0.020013
1 0.350248 0.848838 0.014782 0.017810
1 0.314844 0.771862 0.019288 0.019243
1 0.351010 0.934932 0.015950 0.022283
1 0.175670 0.984643 0.017590 0.021167
1 0.165534 0.915750 0.016994 0.018520
1 0.058176 0.643232 0.019380 0.026050
1 0.088884 0.627743 0.014014 0.019133
1 0.174820 0.630817 0.017144 0.024420
1 0.121544 0.494597 0.011032 0.014247
1 0.298802 0.453825 0.017002 0.022157
1 0.314256 0.453823 0.013908 0.020047
1 0.051444 0.349490 0.018782 0.021493
1 0.034720 0.277197 0.013594 0.018073
1 0.227032 0.218338 0.011806 0.017097
1 0.234722 0.211013 0.012878 0.016120
1 0.200646 0.177310 0.015918 0.014653
1 0.141026 0.039027 0.017532 0.020273
1 0.107846 0.020440 0.013416 0.015873
1 0.080796 0.067610 0.022540 0.023740
1 0.286948 0.161675 0.016994 0.016690
1 0.347856 0.064777 0.015354 0.021780
1 0.501860 0.058957 0.017530 0.017340
1 0.503138 0.074953 0.017942 0.021493
1 0.362120 0.289043 0.015026 0.023447
1 0.245418 0.261768 0.014908 0.020557
1 0.388958 0.577545 0.020290 0.023603
1 0.508332 0.977668 0.016150 0.017977
1 0.473612 0.967577 0.016520 0.018147
1 0.575820 0.823805 0.014410 0.015943
1 0.609794 0.742717 0.018632 0.022220
1 0.630424 0.666358 0.013352 0.018797
1 0.728030 0.672153 0.013458 0.018373
1 0.722426 0.966652 0.014758 0.019743
1 0.745158 0.972655 0.016396 0.018723
1 0.904876 0.968807 0.016478 0.021907
1 0.874836 0.821955 0.012006 0.014037
1 0.861196 0.591140 0.013044 0.018513
1 0.788712 0.500997 0.013664 0.016253
1 0.819116 0.421707 0.011904 0.013147
1 0.881640 0.406018 0.012524 0.015690
1 0.980402 0.455803 0.011904 0.014133
1 0.994248 0.460692 0.011816 0.016370
1 0.855330 0.347627 0.023228 0.022727
1 0.717844 0.276800 0.012546 0.015773
1 0.747344 0.274767 0.015402 0.021200
1 0.641442 0.201488 0.013544 0.013910
1 0.916374 0.213348 0.011480 0.018317
1 0.900064 0.171123 0.024256 0.030187
1 0.513686 0.056400 0.017640 0.025780
1 0.570330 0.090915 0.032300 0.044943
1 0.741048 0.102077 0.012878 0.013480
2 0.173904 0.699493 0.023076 0.025647