2 0.473382 0.331637 0.017348 0.023687
2 0.068072 0.267093 0.015948 0.020560
2 0.120466 0.309730 0.019976 0.029713
2 0.212644 0.367277 0.016226 0.020047
2 0.304726 0.627700 0.012666 0.017973
2 0.294144 0.638340 0.012954 0.024480
2 0.129716 0.612383 0.019160 0.021527
2 0.105298 0.651633 0.025966 0.035867
2 0.305664 0.772130 0.021250 0.020807
2 0.256512 0.834410 0.025972 0.033407
2 0.168716 0.847743 0.021680 0.027847
2 0.468564 0.946010 0.021894 0.021980
2 0.406746 0.945867 0.030484 0.026960
2 0.485308 0.814713 0.022754 0.028427
2 0.500660 0.907327 0.022968 0.025493
2 0.551372 0.914033 0.022138 0.019040
1 0.552446 0.895780 0.017706 0.019293
1 0.573018 0.896307 0.020176 0.029600
1 0.975014 0.695187 0.033692 0.046000
1 0.802266 0.896160 0.032842 0.048360
1 0.293752 0.889723 0.045434 0.059593
1 0.150756 0.971733 0.032558 0.044453
1 0.105770 0.964283 0.027730 0.040300
1 0.056040 0.979427 0.028798 0.027107
1 0.287976 0.203020 0.040494 0.062040
1 0.472676 0.288010 0.028076 0.031300
1 0.328274 0.406527 0.029106 0.040093
1 0.562444 0.387360 0.028334 0.035173
1 0.944158 0.342167 0.032202 0.041147
1 0.870578 0.229160 0.033540 0.044573
1 0.914404 0.255210 0.021318 0.031953
1 0.818736 0.231483 0.023398 0.024593
1 0.813352 0.207743 0.025464 0.024873
1 0.540516 0.246813 0.028618 0.041760
1 0.369184 0.009633 0.018760 0.019267
1 0.320362 0.113557 0.018632 0.028127
1 0.300066 0.129387 0.022348 0.028693
1 0.228050 0.080497 0.023256 0.031753
1 0.076180 0.146647 0.025044 0.030733
1 0.228342 0.258153 0.014536 0.024253
1 0.213560 0.257307 0.018760 0.026627
1 0.195926 0.423933 0.028334 0.035520
1 0.127540 0.282027 0.017774 0.020400
1 0.136142 0.762080 0.030030 0.031947
1 0.177884 0.718410 0.029410 0.038393
1 0.419744 0.744500 0.020572 0.025853
1 0.517754 0.656273 0.028770 0.032560
1 0.478104 0.607530 0.023404 0.029513
0 0.448410 0.198383 0.027368 0.039073
0 0.885918 0.084487 0.037090 0.048533
0 0.157674 0.568147 0.030406 0.040093
2 0.564624 0.073737 0.025118 0.026673
2 0.905376 0.027287 0.027510 0.036720
2 0.946794 0.141867 0.032456 0.038827
1 0.891726 0.775227 0.022896 0.044693
2 0.873388 0.770710 0.015918 0.035660
0 0.977408 0.798060 0.024326 0.029307
2 0.785002 0.974370 0.019380 0.023740
2 0.746556 0.963517 0.022486 0.032900
1 0.769262 0.867823 0.013252 0.019500
2 0.758396 0.869093 0.010972 0.021200
2 0.804692 0.826993 0.018458 0.028720
2 0.664656 0.751833 0.021118 0.032227
2 0.650870 0.676020 0.020870 0.024080
2 0.718880 0.685010 0.021988 0.030873
2 0.771562 0.583437 0.018134 0.022220
2 0.832028 0.516310 0.017144 0.022993
2 0.742880 0.386440 0.017354 0.019787