2 0.611470 0.031167 0.012006 0.016253
2 0.654934 0.088697 0.012148 0.019140
1 0.932094 0.921782 0.012006 0.019790
1 0.950882 0.974993 0.011076 0.012013
1 0.851436 0.992642 0.014924 0.014717
1 0.774242 0.763188 0.013118 0.016077
1 0.835814 0.714543 0.010524 0.013780
1 0.828566 0.708653 0.008798 0.012133
1 0.622806 0.755330 0.012868 0.013840
1 0.610048 0.763722 0.012366 0.013543
1 0.476492 0.871452 0.010144 0.015403
1 0.266658 0.788263 0.011774 0.015060
1 0.091574 0.978617 0.017598 0.019080
1 0.044804 0.822125 0.011700 0.019930
1 0.399464 0.722230 0.012796 0.015093
1 0.018264 0.777767 0.008842 0.010307
1 0.278286 0.523865 0.013266 0.017297
1 0.164152 0.386297 0.017518 0.023747
1 0.077520 0.154177 0.014160 0.013907
1 0.007708 0.205822 0.014410 0.016110
1 0.052390 0.072650 0.012920 0.018827
1 0.031398 0.032623 0.019876 0.024933
1 0.242624 0.143442 0.013664 0.017977
1 0.209394 0.238673 0.008322 0.015093
1 0.269218 0.198478 0.011926 0.016450
1 0.161518 0.219593 0.011428 0.016960
1 0.324992 0.226123 0.014908 0.019847
1 0.380418 0.096013 0.012526 0.014980
1 0.489164 0.223978 0.013768 0.014557
1 0.423118 0.402132 0.011180 0.013570
1 0.502804 0.363688 0.010560 0.013397
1 0.545908 0.588345 0.013790 0.017470
1 0.690764 0.513590 0.012734 0.014700
1 0.716996 0.362007 0.014598 0.015687
1 0.695988 0.307565 0.011472 0.014370
1 0.759454 0.138105 0.014312 0.015263
1 0.917746 0.147592 0.009690 0.014043
1 0.945572 0.065427 0.015940 0.019080
1 0.931166 0.206323 0.012700 0.017587
1 0.864910 0.436802 0.012342 0.017097
1 0.858562 0.514343 0.014668 0.020760
1 0.903728 0.563433 0.014848 0.020760
1 0.793182 0.612645 0.016280 0.017097
2 0.638500 0.710750 0.012940 0.015193
2 0.626296 0.725413 0.020100 0.018140
2 0.628106 0.706452 0.012336 0.017197
2 0.620988 0.707158 0.010870 0.015077
2 0.612062 0.699738 0.013890 0.017430
2 0.623750 0.693908 0.012076 0.016370
2 0.632246 0.685722 0.011646 0.015783
2 0.676414 0.682953 0.011990 0.013780
2 0.615114 0.663307 0.014388 0.017387
2 0.638602 0.803050 0.012222 0.017080
2 0.656392 0.806192 0.011574 0.015510
2 0.571684 0.876100 0.011800 0.012907
2 0.444290 0.951957 0.010352 0.014560
2 0.259196 0.938323 0.010008 0.015193
2 0.227364 0.834702 0.010352 0.015197
2 0.360816 0.491762 0.016304 0.016370
2 0.208702 0.529958 0.013228 0.013543
2 0.020816 0.394552 0.016032 0.020710
2 0.005606 0.241033 0.011214 0.011973
2 0.050800 0.201147 0.012940 0.016293
2 0.106542 0.193873 0.012732 0.016820
2 0.284112 0.298860 0.020390 0.029307
2 0.343768 0.344898 0.012344 0.014410
2 0.429682 0.250090 0.009490 0.010367
2 0.638242 0.953107 0.014580 0.016960
2 0.729460 0.883710 0.010784 0.012953
2 0.733746 0.828543 0.011284 0.013993
2 0.717544 0.818367 0.010766 0.013427
2 0.846352 0.956733 0.012630 0.016960
2 0.845886 0.971362 0.012526 0.015123
2 0.880256 0.750040 0.015054 0.018520
2 0.913130 0.539905 0.011802 0.014757
2 0.862136 0.531087 0.014658 0.017807
2 0.728600 0.546040 0.021634 0.025440
2 0.623540 0.487018 0.012422 0.019363
2 0.600818 0.437480 0.012320 0.014133
2 0.659720 0.381102 0.008486 0.011590
2 0.755786 0.416783 0.009834 0.017193
2 0.762990 0.417255 0.010266 0.014603
2 0.836838 0.473963 0.011716 0.014033
2 0.972208 0.412483 0.010664 0.014887
2 0.753724 0.295508 0.013974 0.014417
2 0.754500 0.285332 0.010352 0.013003
2 0.762834 0.281515 0.010456 0.015263
2 0.750722 0.261800 0.009212 0.012013
2 0.812950 0.220550 0.010854 0.014033
2 0.874606 0.127112 0.010926 0.015703
2 0.915670 0.005780 0.011818 0.010600