1 0.342980 0.719998 0.017524 0.016823
1 0.543300 0.862557 0.015444 0.015253
1 0.592590 0.868838 0.020700 0.023330
1 0.233588 0.881880 0.022178 0.023553
1 0.260014 0.888795 0.016428 0.017943
1 0.276442 0.912908 0.024644 0.026543
1 0.262066 0.978147 0.024370 0.028413
1 0.317924 0.947303 0.024370 0.021307
1 0.381452 0.876083 0.022180 0.023180
1 0.417870 0.865430 0.018894 0.023553
1 0.562524 0.795713 0.018400 0.017047
1 0.207988 0.716447 0.025740 0.029160
0 0.837944 0.122788 0.057348 0.047290
1 0.504770 0.159638 0.014736 0.019690
1 0.496610 0.259485 0.016164 0.016010
1 0.301862 0.177055 0.024720 0.028557
1 0.330068 0.287068 0.022502 0.022717
1 0.717450 0.823078 0.023986 0.028710
1 0.607210 0.945778 0.019714 0.021983
1 0.508472 0.739410 0.021358 0.021087
1 0.677692 0.767000 0.023330 0.026920
1 0.539852 0.756457 0.017084 0.018393
1 0.552666 0.775075 0.017744 0.017943
1 0.484976 0.818367 0.015114 0.012113
1 0.495000 0.833172 0.013472 0.017497
1 0.508308 0.831378 0.019058 0.018397