2 0.925190 0.841305 0.009214 0.011590
1 0.365776 0.463347 0.025838 0.040533
2 0.131768 0.186555 0.009688 0.013057
2 0.014212 0.335173 0.009144 0.012367
2 0.052868 0.474850 0.014180 0.014273
2 0.178536 0.358130 0.018288 0.028840
2 0.214726 0.427763 0.013394 0.016880
2 0.047322 0.706725 0.013652 0.019343
2 0.072050 0.723782 0.015198 0.016177
2 0.084286 0.746992 0.010818 0.016883
2 0.120862 0.734858 0.013394 0.024970
2 0.114680 0.794822 0.015454 0.018290
2 0.087596 0.992363 0.014846 0.015273
2 0.249874 0.778672 0.028084 0.029063
2 0.270804 0.755958 0.014130 0.017830
2 0.192902 0.728850 0.012166 0.013920
2 0.193652 0.959500 0.011088 0.015387
2 0.255902 0.904670 0.008942 0.012213
2 0.248184 0.717268 0.012214 0.013283
2 0.325064 0.621887 0.012874 0.025293
2 0.407090 0.710508 0.010732 0.015143
2 0.373192 0.784753 0.013060 0.016120
2 0.438082 0.919672 0.015764 0.017303
2 0.479040 0.991543 0.009192 0.012720
2 0.632884 0.846735 0.018038 0.020150
2 0.784686 0.853552 0.013416 0.015263
2 0.914114 0.841305 0.009834 0.013570
2 0.927106 0.853742 0.008074 0.011023
2 0.920842 0.855438 0.008178 0.011023
2 0.939576 0.624978 0.016770 0.020350
2 0.979700 0.612088 0.014038 0.018657
2 0.992184 0.624640 0.011926 0.016960
2 0.799230 0.530818 0.008694 0.014277
2 0.792862 0.528557 0.007972 0.012860
2 0.764344 0.528417 0.014284 0.017667
2 0.755236 0.519795 0.012630 0.013710
2 0.714422 0.728957 0.009688 0.014653
2 0.665434 0.570350 0.011906 0.016680
2 0.630272 0.525837 0.011560 0.015900
2 0.950018 0.488350 0.014012 0.015467
0 0.993486 0.473555 0.012670 0.039890
2 0.906732 0.197103 0.018138 0.024253
2 0.911762 0.240183 0.024224 0.023573
2 0.920444 0.096078 0.008946 0.013230
2 0.939226 0.048352 0.009542 0.016283
2 0.956294 0.038482 0.008496 0.012823
2 0.785192 0.145807 0.008798 0.013427
2 0.777376 0.152023 0.012630 0.013427
2 0.816714 0.169127 0.011182 0.012013
2 0.701902 0.167542 0.012320 0.014557
2 0.717620 0.066307 0.013540 0.021540
2 0.697060 0.053162 0.014160 0.021030
2 0.703768 0.022973 0.012920 0.022727
2 0.722898 0.029163 0.014908 0.021540
2 0.739296 0.004278 0.015402 0.008557
2 0.509544 0.257980 0.016044 0.022613
2 0.312138 0.020103 0.013716 0.016893
2 0.457150 0.425217 0.017888 0.022387
2 0.446418 0.412700 0.016994 0.016080
2 0.640436 0.407402 0.016486 0.018990
2 0.690190 0.318828 0.014780 0.016450
2 0.409704 0.353200 0.011180 0.012720
2 0.309798 0.448133 0.014490 0.016853
2 0.295220 0.487087 0.009658 0.010747
2 0.331776 0.479343 0.019978 0.031093
2 0.350766 0.487535 0.011396 0.010470
2 0.344042 0.501252 0.020498 0.027703
2 0.354912 0.527965 0.013662 0.015263
2 0.350098 0.564993 0.017080 0.023747
1 0.012626 0.057755 0.013542 0.018137
1 0.016848 0.012740 0.015088 0.017787
1 0.081118 0.206450 0.020572 0.023200
1 0.142502 0.133242 0.015206 0.024017
1 0.049202 0.328708 0.008964 0.013503
1 0.108498 0.486042 0.009214 0.010883
1 0.113260 0.491908 0.007556 0.011023
1 0.244848 0.399947 0.009660 0.012700
1 0.350516 0.439445 0.012078 0.014957
1 0.387486 0.410647 0.010430 0.015547
1 0.253148 0.663202 0.010018 0.019537
1 0.249466 0.725368 0.011022 0.011617
1 0.161420 0.822770 0.014782 0.017980
1 0.212150 0.915662 0.014288 0.015970
1 0.379452 0.666853 0.010310 0.011533
1 0.356284 0.609698 0.010434 0.015263
1 0.484630 0.610898 0.011696 0.013710
1 0.485406 0.944043 0.014182 0.016960
1 0.511440 0.965808 0.014908 0.016677
1 0.538460 0.988210 0.012422 0.015407
1 0.614466 0.864187 0.012670 0.018487
1 0.744264 0.926228 0.013044 0.014757
1 0.751840 0.872040 0.013790 0.017980
1 0.785816 0.905452 0.012670 0.015603
1 0.783768 0.837610 0.011304 0.016280
1 0.760474 0.833540 0.013416 0.016960
1 0.780588 0.763633 0.012854 0.015667
1 0.878928 0.933060 0.012630 0.017387
1 0.884982 0.724030 0.011032 0.012620
1 0.890870 0.681393 0.012670 0.017707
1 0.797056 0.697842 0.013286 0.016017
1 0.794958 0.638622 0.010352 0.014137
1 0.867238 0.490653 0.013416 0.013433
1 0.836828 0.347780 0.011984 0.013433
1 0.832304 0.340815 0.009920 0.010483
1 0.976624 0.188667 0.009316 0.011427
1 0.973260 0.180303 0.010352 0.011660
1 0.809644 0.161140 0.012216 0.014273
1 0.683342 0.184672 0.010584 0.013230
1 0.581784 0.141708 0.012224 0.018930
1 0.525064 0.077293 0.010884 0.012213
1 0.590354 0.018272 0.009986 0.015877
1 0.310430 0.255793 0.010352 0.016253
1 0.285430 0.259892 0.010662 0.011730
1 0.280876 0.268457 0.010042 0.010460
2 0.307998 0.276075 0.008384 0.011590
1 0.673372 0.586023 0.015734 0.018940
1 0.641180 0.561220 0.012216 0.015687
1 0.219998 0.007883 0.011806 0.015767