2 0.497480 0.008043 0.019356 0.016087
2 0.195874 0.155550 0.028896 0.034473
2 0.189440 0.232340 0.020464 0.022080
2 0.095644 0.296987 0.028340 0.033600
1 0.931226 0.057117 0.010166 0.013500
1 0.936258 0.064977 0.010904 0.013593
2 0.490730 0.479563 0.031450 0.037593
2 0.552652 0.619000 0.025118 0.032720
2 0.399438 0.778300 0.046368 0.059507
2 0.767344 0.949217 0.028458 0.036340
2 0.604158 0.965667 0.032486 0.034160
1 0.238994 0.490347 0.015722 0.019347
2 0.127288 0.935533 0.027876 0.022493
2 0.120488 0.953857 0.018662 0.023273
0 0.148812 0.961800 0.021890 0.027213
2 0.919410 0.041290 0.019492 0.024727
1 0.641550 0.420757 0.021500 0.030127
1 0.232488 0.478430 0.017046 0.019193
1 0.605486 0.331540 0.023560 0.032840
2 0.755756 0.512690 0.031240 0.039260
0 0.842316 0.778313 0.028862 0.035333
0 0.507050 0.951510 0.023790 0.033407
1 0.992952 0.146693 0.013120 0.029200
1 0.512532 0.548450 0.029858 0.035913
1 0.405502 0.621370 0.025020 0.031900
0 0.282084 0.686160 0.043340 0.037760
2 0.935148 0.691573 0.021314 0.026587
0 0.763776 0.036057 0.032730 0.039460
0 0.701992 0.436443 0.024864 0.033167
2 0.902154 0.268370 0.025048 0.030580
2 0.599138 0.178913 0.034878 0.035880
2 0.581220 0.223597 0.031054 0.029353
2 0.548492 0.148090 0.032012 0.033593
2 0.538340 0.088893 0.027470 0.023480
2 0.461658 0.142223 0.013140 0.023807
2 0.473006 0.143690 0.011948 0.019567
2 0.491518 0.215443 0.017442 0.022833