1 0.472702 0.038620 0.029436 0.027920
0 0.189958 0.618572 0.038116 0.057423
0 0.659226 0.063313 0.039248 0.048600
0 0.789632 0.102910 0.022820 0.029600
2 0.160848 0.836040 0.017114 0.022933
2 0.178198 0.839717 0.015372 0.023800
2 0.183270 0.812782 0.014736 0.022717
2 0.187468 0.799152 0.018066 0.022717
2 0.191668 0.843502 0.012836 0.019257
2 0.362706 0.987300 0.009356 0.010267
2 0.208016 0.693185 0.020732 0.030110
2 0.212966 0.649193 0.015582 0.016407
2 0.246044 0.570030 0.008032 0.009013
2 0.121830 0.361295 0.018376 0.020883
1 0.971922 0.180533 0.016162 0.018433
2 0.299526 0.195920 0.012412 0.016227
2 0.920970 0.502400 0.012016 0.016047
1 0.910586 0.964813 0.011552 0.013520
1 0.712538 0.985785 0.012840 0.014397
1 0.262330 0.947887 0.011738 0.013647
1 0.137834 0.724035 0.012012 0.014897
1 0.061446 0.734365 0.016048 0.018030
1 0.945394 0.340068 0.018254 0.020770
1 0.091512 0.620010 0.012072 0.013567
1 0.131768 0.571607 0.015624 0.017127
1 0.256500 0.538583 0.013316 0.018480
1 0.319002 0.604917 0.011994 0.014120
1 0.383718 0.560732 0.009998 0.011477
1 0.393624 0.656382 0.006572 0.008137
1 0.365004 0.685387 0.006802 0.007513
1 0.495446 0.764505 0.015296 0.016377
1 0.532060 0.680013 0.010730 0.011393
1 0.830132 0.858983 0.014130 0.016587
1 0.758230 0.787765 0.008716 0.014063
1 0.860634 0.760903 0.015976 0.013340
1 0.887266 0.583752 0.012548 0.016877
1 0.600324 0.454638 0.011622 0.011357
1 0.137532 0.348925 0.011538 0.014190
1 0.081352 0.236215 0.022976 0.031010
1 0.104938 0.081693 0.011030 0.014540
1 0.022412 0.057808 0.010650 0.012463
1 0.190888 0.009303 0.014450 0.018607
1 0.305150 0.249728 0.011188 0.012197
1 0.658814 0.284693 0.011218 0.014280
1 0.746000 0.210700 0.011408 0.012720
1 0.611152 0.089775 0.013406 0.022610
1 0.570024 0.069202 0.019174 0.019470
1 0.530076 0.066498 0.013470 0.013197
1 0.936374 0.046083 0.011994 0.012320