1 0.174822 0.249160 0.038638 0.044640
0 0.780244 0.731023 0.033848 0.045087
0 0.280576 0.450187 0.024482 0.035067
0 0.272062 0.615807 0.026840 0.037120
0 0.568432 0.431270 0.034444 0.038327
1 0.968924 0.740630 0.034038 0.042127
1 0.939786 0.495680 0.027950 0.029680
1 0.751080 0.384873 0.034042 0.036427
1 0.845012 0.293443 0.031782 0.036633
1 0.988394 0.042217 0.028066 0.041047
1 0.479272 0.051473 0.042138 0.050093
1 0.036714 0.165423 0.021894 0.028540
1 0.235076 0.375673 0.045756 0.059267
1 0.305042 0.453760 0.019078 0.031147
1 0.497574 0.435163 0.025048 0.028767
1 0.418132 0.712637 0.027710 0.042727
1 0.454920 0.719327 0.034400 0.050227
1 0.637548 0.729537 0.045870 0.045660
1 0.146004 0.884520 0.027076 0.033973
2 0.101438 0.784517 0.040972 0.045073
2 0.403138 0.929400 0.030102 0.034053
2 0.445132 0.764623 0.025800 0.033273
2 0.601362 0.811200 0.025800 0.026227
2 0.797644 0.889793 0.026674 0.028533
2 0.742266 0.466637 0.038388 0.055793
2 0.885406 0.445300 0.020224 0.031133
2 0.900794 0.449120 0.020074 0.037147
2 0.855594 0.337390 0.021304 0.031260
2 0.927054 0.090433 0.034956 0.043827
2 0.799730 0.102120 0.019976 0.024347
2 0.599288 0.083613 0.017120 0.020453
2 0.518956 0.389187 0.019316 0.027053
2 0.374312 0.426047 0.026250 0.029080
2 0.395860 0.582953 0.021796 0.034493
2 0.220176 0.553060 0.031054 0.039413
2 0.252028 0.564480 0.024282 0.041040
2 0.255008 0.237310 0.017134 0.031113
2 0.205146 0.084753 0.038292 0.035107