4 0.608242 0.712228 0.083500 0.125143
2 0.662872 0.698013 0.017600 0.025207
2 0.678864 0.658742 0.018674 0.023443
1 0.699040 0.684533 0.020820 0.030480
1 0.741864 0.651708 0.023610 0.032237
2 0.684570 0.801498 0.017250 0.021683
0 0.212778 0.961247 0.041796 0.036607
1 0.252960 0.975045 0.015530 0.019037
1 0.219288 0.914577 0.017272 0.020553
1 0.250424 0.921173 0.025986 0.032887
1 0.220160 0.825438 0.028206 0.024883
1 0.260566 0.834417 0.020918 0.024667
0 0.651668 0.193297 0.069660 0.076267
2 0.634746 0.349643 0.040416 0.042620
2 0.348674 0.066788 0.033086 0.056077
1 0.349816 0.109627 0.021296 0.021807
1 0.330040 0.122737 0.015210 0.017913
1 0.279554 0.137017 0.021486 0.022587
1 0.234488 0.096257 0.017304 0.018433
1 0.295242 0.122867 0.019394 0.019733
1 0.244946 0.056145 0.015784 0.020250
1 0.304178 0.104173 0.027762 0.028560
1 0.240286 0.030442 0.019778 0.020770
1 0.053696 0.790282 0.022662 0.027263
1 0.187614 0.107938 0.016352 0.019990
1 0.256250 0.175980 0.027930 0.028713
1 0.289766 0.219743 0.025302 0.032793