1 0.669184 0.731890 0.023000 0.027667
0 0.548808 0.264540 0.025556 0.027727
0 0.722498 0.474528 0.038608 0.055703
0 0.176116 0.707153 0.023500 0.028973
1 0.184444 0.914882 0.024562 0.030290
1 0.115516 0.977840 0.024878 0.028560
1 0.525738 0.924703 0.026622 0.031587
2 0.547636 0.816895 0.028902 0.034270
2 0.290324 0.577412 0.039976 0.054957
1 0.266114 0.302688 0.028714 0.038943
1 0.599612 0.372553 0.027730 0.033533
2 0.475172 0.035863 0.024188 0.030220
2 0.005694 0.342020 0.011386 0.023107
2 0.112646 0.472808 0.023274 0.021683
2 0.163438 0.541785 0.044358 0.057950
2 0.667908 0.923990 0.014262 0.022067
2 0.529382 0.974747 0.025100 0.019213
2 0.569694 0.892835 0.022818 0.022070
2 0.567542 0.451998 0.038106 0.056390
2 0.933000 0.160182 0.028904 0.034010
2 0.764526 0.044780 0.029476 0.047253
2 0.619268 0.115657 0.029472 0.031933
1 0.895616 0.120043 0.034416 0.036087
1 0.804732 0.357962 0.021092 0.029423
1 0.821790 0.368792 0.017608 0.022537
1 0.908516 0.486083 0.021570 0.022987
1 0.911346 0.554807 0.022818 0.030220
1 0.727310 0.946175 0.018596 0.021037
1 0.528630 0.673365 0.019412 0.018570
1 0.530740 0.658670 0.022316 0.019473