1 0.309158 0.552215 0.019770 0.024310
1 0.190550 0.671807 0.014410 0.019333
1 0.023488 0.912513 0.016992 0.021980
1 0.064494 0.729975 0.019460 0.023883
1 0.045394 0.738597 0.016668 0.021627
2 0.702526 0.992600 0.025878 0.014800
2 0.574966 0.007247 0.016294 0.014493
2 0.709124 0.008228 0.013776 0.011043
2 0.477322 0.457537 0.015112 0.018233
2 0.483066 0.387927 0.012320 0.014700
2 0.676364 0.404030 0.022656 0.027473
2 0.586478 0.517902 0.016102 0.017097
2 0.612938 0.474958 0.013564 0.015470
2 0.501400 0.319297 0.018548 0.018373
2 0.567162 0.309907 0.016520 0.017980
2 0.019692 0.402273 0.013352 0.015687
2 0.063246 0.365007 0.015530 0.021907
2 0.250224 0.207112 0.013110 0.016610
4 0.110030 0.754485 0.034500 0.051143
2 0.237524 0.929555 0.024016 0.027277
2 0.139272 0.925428 0.012596 0.016490
2 0.165884 0.923662 0.014750 0.017430
2 0.100140 0.946628 0.019582 0.022850
2 0.080384 0.804530 0.019770 0.025580
2 0.254498 0.506750 0.021738 0.028493
2 0.299354 0.494707 0.012796 0.016280
2 0.803480 0.354647 0.014968 0.016720
1 0.705302 0.099653 0.025718 0.031767
1 0.726672 0.065963 0.024126 0.028593
1 0.990678 0.023540 0.016328 0.017880
1 0.931174 0.018795 0.020330 0.023410
1 0.869024 0.040113 0.019960 0.024913
1 0.858062 0.122795 0.021800 0.027090
1 0.821198 0.228330 0.023370 0.028287
1 0.903772 0.189280 0.011568 0.016953
1 0.886688 0.195840 0.013438 0.017300
2 0.926036 0.242098 0.016370 0.020030
1 0.989564 0.337417 0.020310 0.025500
2 0.937374 0.378620 0.020920 0.023827
1 0.940922 0.464775 0.017024 0.022570
1 0.887554 0.564993 0.018812 0.023273
1 0.980992 0.965172 0.015054 0.017997
1 0.803472 0.967887 0.029414 0.032647
1 0.836802 0.818800 0.017354 0.019360
1 0.764218 0.868785 0.048250 0.059230
1 0.563148 0.813065 0.026628 0.031543
1 0.461290 0.891305 0.020102 0.026750
1 0.411028 0.870543 0.019184 0.021180
1 0.375494 0.732657 0.018266 0.021873
2 0.508372 0.775173 0.018072 0.022353
1 0.554056 0.703000 0.023814 0.025893
1 0.673304 0.583590 0.033554 0.042133
1 0.792460 0.550985 0.025472 0.028423
1 0.566662 0.400920 0.016042 0.020233
2 0.539108 0.444978 0.020696 0.020063
2 0.597402 0.455513 0.020452 0.027087
1 0.631666 0.190395 0.022288 0.026417
2 0.677650 0.232782 0.017756 0.019897
2 0.645932 0.249000 0.016044 0.019560
1 0.460178 0.246292 0.037326 0.042537
2 0.562006 0.202513 0.014528 0.020513
1 0.430928 0.003938 0.011822 0.007877
1 0.472198 0.169143 0.020134 0.029093
1 0.459560 0.214188 0.019252 0.022070
1 0.384318 0.267358 0.016606 0.022070
2 0.423790 0.176020 0.018244 0.022860
1 0.320054 0.171728 0.011924 0.016890
1 0.049602 0.070092 0.020752 0.023203
1 0.178752 0.097568 0.014668 0.019050
1 0.337262 0.521193 0.013664 0.017100