1 0.255478 0.524800 0.020184 0.020573
1 0.377576 0.756242 0.015096 0.019023
1 0.972388 0.888692 0.030578 0.031310
1 0.173016 0.699412 0.012934 0.017750
1 0.180814 0.708513 0.012932 0.016840
1 0.170882 0.666515 0.025268 0.027217
1 0.156746 0.654908 0.012068 0.011470
1 0.928554 0.088788 0.016960 0.016637
1 0.857486 0.045410 0.019590 0.021200
1 0.798508 0.154638 0.021600 0.024903
1 0.093788 0.228843 0.024192 0.020007
1 0.042532 0.523877 0.021578 0.027447
1 0.157910 0.426292 0.014112 0.019003
1 0.145406 0.409488 0.023496 0.025823
2 0.156122 0.292885 0.021150 0.028690
1 0.446004 0.284278 0.019216 0.025483
1 0.457986 0.370763 0.020502 0.024733
1 0.457090 0.347662 0.021500 0.019297
1 0.431608 0.363288 0.018316 0.029897
1 0.416082 0.371578 0.019908 0.030170
1 0.435988 0.429337 0.026674 0.022287
1 0.463430 0.476073 0.023232 0.022413
1 0.389248 0.582940 0.021792 0.024380
1 0.338100 0.651242 0.019734 0.025123
1 0.844584 0.890485 0.019590 0.023810
1 0.227216 0.601140 0.021202 0.021753
1 0.023844 0.924122 0.017918 0.023330
1 0.023112 0.989660 0.025202 0.020680
1 0.143002 0.729537 0.017834 0.021893
1 0.837778 0.918535 0.023172 0.022503
1 0.145640 0.950618 0.019898 0.018903
1 0.013112 0.158108 0.026224 0.037977
2 0.771406 0.893532 0.016734 0.021130
1 0.271806 0.755190 0.018064 0.021547
1 0.354626 0.945830 0.014056 0.017067
2 0.561746 0.534053 0.022006 0.020407
1 0.394288 0.728538 0.016602 0.024397
2 0.624516 0.509765 0.015498 0.018903
5 0.164798 0.982942 0.029436 0.034117
5 0.309306 0.741087 0.062522 0.071360
0 0.950262 0.801560 0.020908 0.023287
2 0.858890 0.397638 0.020764 0.019317
2 0.717600 0.254795 0.026622 0.028557
1 0.279684 0.010257 0.013786 0.017093
1 0.874924 0.966153 0.020544 0.020547
1 0.381820 0.725035 0.011668 0.023577
1 0.300998 0.018587 0.016482 0.018173
1 0.225570 0.028753 0.016482 0.013413
1 0.207664 0.087170 0.021550 0.023367
1 0.059678 0.084877 0.022376 0.028033
1 0.931574 0.621117 0.028226 0.028940