2 0.628470 0.065143 0.010784 0.015627
2 0.661208 0.082422 0.020136 0.018630
2 0.662364 0.067320 0.016284 0.018480
2 0.679034 0.065368 0.018376 0.017877
2 0.677386 0.095342 0.016616 0.018630
2 0.696146 0.095267 0.021570 0.022687
2 0.699832 0.074533 0.021018 0.027793
2 0.709848 0.065518 0.021458 0.028097
2 0.724152 0.065893 0.011774 0.021033
2 0.737926 0.073500 0.013464 0.017447
2 0.995772 0.189670 0.014444 0.015440
2 0.956116 0.255010 0.013946 0.015793
2 0.078914 0.705455 0.011616 0.010643
2 0.175508 0.482008 0.013500 0.019990
2 0.263846 0.473152 0.015588 0.015130
2 0.440352 0.369812 0.013692 0.020563
2 0.570836 0.410198 0.018064 0.018390
2 0.664090 0.463853 0.019492 0.024013
2 0.632318 0.509503 0.021550 0.017960
2 0.094808 0.061317 0.008936 0.013760
1 0.271534 0.455943 0.027762 0.026480
2 0.705254 0.199878 0.010840 0.015577
1 0.441626 0.313903 0.016352 0.026740
4 0.787212 0.289087 0.051796 0.064800
4 0.836136 0.641340 0.061118 0.076267
4 0.038440 0.981328 0.035918 0.037343
5 0.366556 0.282700 0.042990 0.054207
0 0.131638 0.839600 0.026860 0.033467
4 0.726836 0.852438 0.016734 0.018950
5 0.274250 0.779390 0.029572 0.034993
0 0.919902 0.868408 0.029434 0.027417
1 0.419542 0.047735 0.031490 0.032897
1 0.550062 0.086042 0.020996 0.027403
1 0.318522 0.277115 0.024528 0.044137
2 0.842722 0.883042 0.020030 0.017277
2 0.627234 0.875482 0.016884 0.016510
1 0.705560 0.110573 0.017432 0.024880
1 0.799532 0.239328 0.022818 0.028323
1 0.876980 0.335915 0.028066 0.035830
1 0.950792 0.726915 0.021232 0.022503
2 0.822768 0.172748 0.021866 0.025183
1 0.502602 0.717007 0.020124 0.022500
1 0.446206 0.760493 0.025196 0.030720
1 0.333112 0.837407 0.014262 0.017307
1 0.205760 0.951692 0.021486 0.034010
1 0.223290 0.715348 0.022238 0.025843
1 0.262090 0.698230 0.025078 0.027780
2 0.097766 0.771137 0.016796 0.022933
1 0.226658 0.542397 0.023198 0.022327
2 0.077848 0.991563 0.014524 0.014240
2 0.276024 0.967007 0.022082 0.024767
2 0.411510 0.790055 0.024870 0.035517
2 0.474374 0.843487 0.022818 0.023367
1 0.154920 0.638795 0.028388 0.027777
1 0.048032 0.331097 0.031824 0.032453
2 0.614114 0.729148 0.025328 0.028977
2 0.936982 0.804402 0.015318 0.018030
2 0.925230 0.815668 0.017432 0.027223
2 0.906174 0.966893 0.017166 0.024187
2 0.703244 0.046662 0.015734 0.022537
2 0.695266 0.037348 0.014966 0.024037
2 0.681730 0.034268 0.012984 0.023590
2 0.671662 0.038400 0.013974 0.013820
2 0.672542 0.028708 0.015954 0.013370
2 0.639914 0.024352 0.014086 0.021483
2 0.623904 0.035093 0.016836 0.021033