1 0.785698 0.173607 0.032176 0.034240
1 0.428854 0.845643 0.029902 0.036787
1 0.585262 0.796297 0.036474 0.036787
0 0.350948 0.827655 0.048958 0.055183
0 0.715512 0.644390 0.065058 0.076267
2 0.495684 0.268680 0.026926 0.028660
1 0.206550 0.493065 0.052048 0.063310
1 0.106712 0.485310 0.029336 0.033593
1 0.111916 0.573817 0.029336 0.033593
1 0.307332 0.637127 0.026496 0.025840
1 0.503930 0.527948 0.029810 0.036177
1 0.453302 0.391315 0.020344 0.029070
1 0.714250 0.500817 0.037852 0.041347
1 0.859036 0.544423 0.032176 0.040700
1 0.870866 0.504047 0.025552 0.032300
1 0.912504 0.391962 0.032172 0.030363
1 0.499336 0.755695 0.025630 0.032750
1 0.719928 0.096407 0.028392 0.034887
1 0.605660 0.075087 0.025078 0.025840
1 0.518066 0.874580 0.032202 0.042620