1 0.281500 0.685592 0.021030 0.018843
1 0.242562 0.603045 0.014130 0.017050
1 0.039668 0.698963 0.011226 0.018027
1 0.173990 0.467840 0.018614 0.020407
5 0.789198 0.786995 0.050930 0.058697
5 0.151368 0.145348 0.040882 0.060470
1 0.678842 0.871288 0.037066 0.044143
1 0.635128 0.965983 0.036966 0.041747
5 0.901190 0.841727 0.033406 0.053833
5 0.324830 0.254267 0.075518 0.090700
5 0.324334 0.020595 0.039428 0.041190
0 0.322154 0.398823 0.020598 0.026667
0 0.322684 0.438495 0.022182 0.026683
0 0.585312 0.174205 0.020136 0.019530
0 0.599122 0.153172 0.016726 0.019530
0 0.581020 0.153397 0.017938 0.020280
2 0.004808 0.357257 0.009616 0.029927
1 0.715906 0.908433 0.026812 0.034453
2 0.048494 0.993077 0.014526 0.013847
2 0.896376 0.077448 0.023770 0.032670
2 0.871468 0.143113 0.015372 0.020120
0 0.708696 0.327337 0.017974 0.021533
2 0.675074 0.171933 0.018222 0.017487
2 0.677780 0.155617 0.014128 0.018753
2 0.617750 0.082633 0.019412 0.023800
2 0.593980 0.128700 0.017298 0.019653
2 0.488050 0.274430 0.014128 0.018027
2 0.472534 0.339065 0.014262 0.017490
2 0.369388 0.111228 0.018482 0.028663
2 0.224262 0.118392 0.020308 0.018070
2 0.004412 0.443077 0.008826 0.025240
2 0.008176 0.421532 0.016352 0.019290
2 0.169118 0.385923 0.014454 0.018433
2 0.152956 0.392673 0.013688 0.015320
2 0.127856 0.375150 0.010266 0.014020
2 0.411900 0.991740 0.020110 0.016520
2 0.232690 0.893575 0.021294 0.020457
2 0.135692 0.728300 0.018138 0.019380
2 0.194444 0.701115 0.014986 0.013457
2 0.306622 0.649433 0.027996 0.032840
2 0.488592 0.646472 0.014194 0.017230
2 0.629554 0.680925 0.012224 0.020457
2 0.936356 0.902073 0.019172 0.024447
1 0.055782 0.367635 0.018416 0.017843
1 0.285646 0.011190 0.014304 0.019533
1 0.422184 0.054382 0.019412 0.022717
1 0.557934 0.184737 0.012326 0.017127
1 0.468628 0.260968 0.023198 0.025963
1 0.703832 0.583410 0.029158 0.041540
1 0.593624 0.483102 0.022316 0.025783
1 0.616972 0.350298 0.025882 0.034437
1 0.763724 0.265073 0.020250 0.026293
1 0.943128 0.475977 0.017974 0.019407
1 0.946756 0.665053 0.015954 0.019980
1 0.933770 0.701562 0.024538 0.028697
1 0.984344 0.952047 0.014392 0.013827
1 0.878112 0.926260 0.014396 0.018907
1 0.852070 0.933897 0.015682 0.020660
1 0.589218 0.846557 0.023610 0.026827
1 0.550156 0.794633 0.019332 0.024233
1 0.289094 0.945250 0.022452 0.023180
1 0.047780 0.963852 0.019808 0.022357
1 0.175660 0.731213 0.015582 0.016767
1 0.168924 0.763997 0.011226 0.016947