1 0.816568 0.600468 0.012986 0.013823
1 0.815910 0.574777 0.013426 0.020133
1 0.973736 0.191485 0.018222 0.024230
1 0.648066 0.287825 0.018066 0.022717
1 0.638400 0.183222 0.020284 0.025097
1 0.527576 0.297785 0.013974 0.016677
0 0.341490 0.243773 0.009170 0.014147
1 0.162170 0.353030 0.013536 0.017580
1 0.061276 0.299615 0.013662 0.019157
1 0.043992 0.297923 0.017056 0.017527
1 0.071740 0.505287 0.009170 0.011520
1 0.086006 0.649652 0.015372 0.019903
1 0.026026 0.816492 0.016902 0.021457
1 0.141534 0.757433 0.014580 0.019033
1 0.154464 0.743787 0.017698 0.020533
1 0.177068 0.739278 0.016690 0.019530
1 0.170420 0.756432 0.014580 0.017277
1 0.237598 0.713797 0.017168 0.021273
1 0.271828 0.923297 0.011556 0.014273
1 0.212354 0.928185 0.014392 0.015390
1 0.608942 0.844043 0.017498 0.022987
1 0.254660 0.996283 0.013298 0.007433
2 0.344288 0.049933 0.012514 0.009540
2 0.339976 0.056605 0.009820 0.010323
1 0.197682 0.050770 0.012654 0.013373
1 0.791608 0.032743 0.015314 0.016653
1 0.978176 0.782810 0.009772 0.011813
1 0.945492 0.713148 0.016966 0.023290
1 0.951922 0.662100 0.011910 0.014607
1 0.944272 0.555480 0.013372 0.017213