1 0.935118 0.311002 0.015498 0.015023
1 0.935804 0.286398 0.017058 0.019657
1 0.515760 0.253863 0.012808 0.016227
1 0.515124 0.385173 0.010808 0.014593
1 0.414170 0.432883 0.010396 0.010240
1 0.404272 0.351612 0.013182 0.015770
1 0.436156 0.585258 0.010778 0.013170
1 0.558032 0.150317 0.024160 0.024800
1 0.461608 0.633728 0.012182 0.015770
1 0.818802 0.101895 0.056188 0.076717
1 0.474130 0.066292 0.011774 0.013370
1 0.488766 0.076283 0.017498 0.016227
1 0.489480 0.100095 0.009244 0.012470
1 0.476330 0.054647 0.010894 0.012320
1 0.476662 0.044805 0.011994 0.012470
1 0.444144 0.093410 0.011884 0.013520
1 0.413824 0.013985 0.010650 0.014537
1 0.311464 0.073097 0.011252 0.012980
1 0.303858 0.145358 0.011568 0.016010
1 0.260834 0.015438 0.010776 0.014497
1 0.209938 0.209093 0.008084 0.011467
1 0.213476 0.251853 0.012416 0.014927
1 0.007902 0.345240 0.015806 0.018260
1 0.280512 0.392023 0.016374 0.021993
1 0.038606 0.421710 0.011884 0.014273
1 0.015826 0.548187 0.016782 0.015653
1 0.002548 0.516985 0.005096 0.021850
1 0.169626 0.585245 0.020916 0.025530
1 0.163920 0.673948 0.017432 0.021637
1 0.220834 0.687057 0.012148 0.013353
1 0.219078 0.701403 0.014444 0.013667
1 0.324260 0.671658 0.017686 0.021810
2 0.141906 0.805893 0.010364 0.012773
2 0.148508 0.774467 0.016596 0.020533
1 0.250524 0.852948 0.008330 0.010617
1 0.307064 0.837020 0.012762 0.016693
1 0.313408 0.826377 0.014902 0.019613
1 0.395884 0.866215 0.014214 0.020283
1 0.368326 0.943717 0.013572 0.017527
1 0.400834 0.793485 0.008986 0.012770
1 0.344158 0.767165 0.020026 0.024943
1 0.498480 0.715435 0.010088 0.013397
1 0.561752 0.701785 0.011922 0.015150
1 0.575828 0.682005 0.015496 0.017403
1 0.628452 0.817835 0.013692 0.015290
1 0.635518 0.799958 0.014122 0.017030
1 0.725906 0.851457 0.009360 0.010433
1 0.768444 0.846242 0.017642 0.019650
1 0.794940 0.820903 0.011354 0.012800
1 0.878610 0.856477 0.010240 0.012520
1 0.911386 0.752807 0.009934 0.012087
1 0.839866 0.737698 0.010292 0.011303
1 0.976274 0.716813 0.014214 0.015233
1 0.810762 0.558377 0.011846 0.012173
1 0.822278 0.460582 0.036762 0.045650
1 0.627528 0.688348 0.012986 0.018330
1 0.678862 0.542085 0.013754 0.015477
1 0.687812 0.479020 0.010164 0.012207
1 0.669844 0.395500 0.015742 0.020660
1 0.648120 0.373932 0.012788 0.015063
1 0.682476 0.328130 0.013680 0.016693
1 0.773254 0.362348 0.012470 0.016777
1 0.800352 0.337182 0.014400 0.019530
1 0.813602 0.335052 0.014124 0.016777
1 0.942270 0.353195 0.016232 0.019030
1 0.962306 0.318262 0.011188 0.016277