2 0.919552 0.946225 0.029562 0.031037
2 0.475992 0.516762 0.019526 0.022183
2 0.437236 0.484402 0.020124 0.029510
2 0.620372 0.263015 0.018738 0.021343
2 0.450070 0.059555 0.022358 0.025610
2 0.523564 0.171925 0.012732 0.018090
2 0.487114 0.271552 0.022874 0.018090
2 0.489650 0.258973 0.020910 0.018373
2 0.471224 0.221237 0.024016 0.023460
2 0.484238 0.211130 0.018460 0.017113
1 0.558604 0.769782 0.015212 0.024423
1 0.619704 0.894632 0.024864 0.035903
1 0.529730 0.916368 0.031304 0.026130
2 0.061740 0.244952 0.022256 0.022050
2 0.265118 0.190997 0.016314 0.022273
2 0.202494 0.258887 0.011472 0.024027
1 0.261376 0.429328 0.031126 0.043963
1 0.136700 0.724872 0.017856 0.022497
1 0.178094 0.388705 0.017908 0.018517
1 0.189786 0.410188 0.015208 0.016817
1 0.187462 0.401142 0.014284 0.013710
1 0.201270 0.421072 0.016252 0.019363
1 0.199200 0.434428 0.016668 0.018090
1 0.180308 0.432165 0.016150 0.021483
1 0.173012 0.442623 0.019772 0.025440
1 0.152146 0.479615 0.029410 0.035170
1 0.224652 0.281652 0.030110 0.033990
1 0.215560 0.207570 0.026534 0.031953
1 0.146900 0.169428 0.023404 0.023610
1 0.181260 0.118853 0.035478 0.039280
1 0.380238 0.033483 0.024108 0.028867
1 0.955890 0.038057 0.028748 0.035873
1 0.945070 0.105372 0.026274 0.032917
1 0.668776 0.327057 0.021914 0.029713
1 0.440434 0.599115 0.027728 0.026377
1 0.555380 0.718372 0.020572 0.024177
1 0.583376 0.744627 0.019676 0.021493
1 0.568886 0.765997 0.017888 0.026620
2 0.194386 0.259712 0.014060 0.018843
0 0.054302 0.546917 0.025760 0.026727
0 0.225982 0.559752 0.021380 0.022157
2 0.180052 0.725773 0.019378 0.025100
2 0.126760 0.751893 0.022856 0.022727