2 0.862578 0.388043 0.016480 0.026613
0 0.370004 0.080322 0.036052 0.053897
0 0.752260 0.467030 0.017114 0.023107
1 0.682088 0.924207 0.032858 0.040500
1 0.455640 0.517203 0.024870 0.037073
1 0.490894 0.503340 0.023732 0.026793
1 0.463056 0.446638 0.030122 0.033023
1 0.007916 0.437598 0.015832 0.029357
1 0.056376 0.393532 0.016506 0.022357
1 0.059744 0.411020 0.013732 0.019833
1 0.070110 0.415167 0.015450 0.023800
1 0.082656 0.423188 0.017562 0.022897
1 0.125048 0.228213 0.028296 0.043307
1 0.067092 0.106087 0.031032 0.037073
1 0.349194 0.118072 0.027570 0.037903
1 0.519732 0.327747 0.020756 0.028773
1 0.794570 0.103843 0.032898 0.044913
1 0.790196 0.064642 0.039360 0.047510
1 0.882510 0.093045 0.031546 0.042170
1 0.998492 0.200510 0.014394 0.027587
1 0.899294 0.506388 0.014896 0.023150
1 0.865778 0.580057 0.020442 0.027693
1 0.733204 0.686778 0.034000 0.049850
2 0.973150 0.555398 0.023504 0.026323
2 0.909832 0.569913 0.018620 0.024700
2 0.896298 0.575502 0.019280 0.026503
2 0.930240 0.475623 0.014260 0.020987
2 0.942220 0.464152 0.015444 0.018403
2 0.938642 0.453912 0.012990 0.015477
2 0.705130 0.327097 0.026780 0.035913
2 0.643156 0.280495 0.029472 0.030937
2 0.695514 0.168190 0.015442 0.024673
2 0.576566 0.336427 0.028586 0.038133
2 0.892530 0.150467 0.036436 0.034887
2 0.928544 0.080607 0.020124 0.025313
2 0.908562 0.065788 0.015054 0.023797
2 0.421688 0.087955 0.013920 0.020563
2 0.439918 0.103533 0.017570 0.019940
2 0.329934 0.297470 0.012548 0.013707
2 0.379564 0.382365 0.019622 0.021497
1 0.202604 0.392718 0.027098 0.038943
2 0.153402 0.452862 0.017746 0.016877
2 0.150740 0.462505 0.012046 0.016230
2 0.156842 0.471020 0.011834 0.016593
2 0.164990 0.469100 0.012312 0.017533
2 0.006094 0.602068 0.012190 0.024923
2 0.064442 0.517328 0.020080 0.030530
2 0.047330 0.502062 0.026014 0.028663
2 0.040712 0.462963 0.015974 0.023367
2 0.054860 0.460003 0.020534 0.025547
1 0.334894 0.513318 0.048958 0.058770
1 0.279526 0.575007 0.041402 0.056527
2 0.404552 0.585548 0.020700 0.031850
2 0.438398 0.646337 0.030560 0.037687
2 0.547980 0.645888 0.028914 0.037683
2 0.645734 0.680657 0.021360 0.026467
2 0.726400 0.841267 0.021688 0.029160
2 0.572624 0.778457 0.019058 0.029160
2 0.586916 0.779130 0.016758 0.021533
2 0.568516 0.811655 0.023328 0.023777
2 0.570816 0.829825 0.027272 0.031403
2 0.053376 0.728338 0.013692 0.017757
2 0.782170 0.599463 0.022818 0.027260
1 0.799322 0.254347 0.038792 0.054260
1 0.112568 0.310555 0.042786 0.051143