1 0.978312 0.392268 0.013520 0.017883
1 0.165428 0.073950 0.008798 0.011427
1 0.244316 0.051748 0.010266 0.018137
2 0.878328 0.825515 0.011806 0.014897
2 0.965172 0.792520 0.009480 0.010500
2 0.752358 0.559788 0.013862 0.014450
2 0.685070 0.500523 0.008078 0.011873
2 0.660332 0.397432 0.008266 0.008450
2 0.598830 0.327505 0.023188 0.027137
1 0.230908 0.504087 0.020250 0.025780
1 0.205754 0.168250 0.012526 0.014700
2 0.629598 0.239890 0.007886 0.011247
2 0.621708 0.240433 0.008886 0.013020
2 0.858630 0.010957 0.012112 0.015827
2 0.772480 0.005182 0.011202 0.010363
2 0.487676 0.120685 0.012510 0.014957
2 0.045900 0.192905 0.015696 0.019057
2 0.298588 0.453975 0.009838 0.012210
2 0.345544 0.425380 0.011924 0.015673
2 0.376694 0.568328 0.016252 0.021483
2 0.365812 0.615735 0.012048 0.014417
2 0.541742 0.598142 0.008566 0.011043
2 0.600184 0.659048 0.009820 0.011530
2 0.448564 0.341180 0.008022 0.007653
2 0.135738 0.938020 0.010834 0.016767
2 0.128174 0.941667 0.010484 0.013973
2 0.076510 0.594285 0.010734 0.013290
1 0.911988 0.954113 0.009236 0.012680
1 0.753664 0.784032 0.012076 0.012957
1 0.816374 0.616110 0.012422 0.014247
1 0.660588 0.677228 0.021220 0.023603
1 0.817962 0.445893 0.011022 0.014313
1 0.822126 0.413055 0.011560 0.014397
1 0.916454 0.219655 0.015960 0.019790
1 0.951132 0.225192 0.011474 0.015077
1 0.983770 0.159120 0.016458 0.022613
1 0.733780 0.172155 0.012050 0.014417
1 0.675084 0.505245 0.012078 0.016783
1 0.557770 0.540018 0.011718 0.016490
1 0.291594 0.904773 0.009990 0.012953
1 0.343318 0.746667 0.009418 0.012293
1 0.314836 0.728538 0.011932 0.016563
1 0.060466 0.866335 0.015630 0.020777
1 0.044370 0.818212 0.013458 0.017243
1 0.161730 0.773950 0.007908 0.011287
1 0.131070 0.669697 0.010134 0.011927
1 0.319354 0.651510 0.008486 0.010907
1 0.088678 0.163697 0.010544 0.013740
1 0.011058 0.094312 0.010484 0.015063
0 0.484464 0.657083 0.044318 0.058713
0 0.990956 0.408055 0.018030 0.075583