1 0.619374 0.474900 0.033680 0.037760
1 0.170634 0.887193 0.027192 0.029080
1 0.671806 0.836580 0.030748 0.031800
1 0.787472 0.937920 0.046004 0.062433
1 0.922274 0.638175 0.036282 0.050783
1 0.866596 0.497043 0.039478 0.051407
1 0.346376 0.011633 0.018480 0.023267
1 0.103110 0.046310 0.023602 0.030020
1 0.487686 0.187702 0.018374 0.017903
2 0.474992 0.371617 0.023970 0.029793
1 0.490920 0.176277 0.015010 0.014367
2 0.473460 0.448758 0.012526 0.018657
1 0.460210 0.448335 0.019770 0.021763
2 0.465024 0.434202 0.022566 0.020917
2 0.465490 0.417453 0.018528 0.018513
2 0.469526 0.406853 0.019980 0.019080
2 0.445614 0.402895 0.015012 0.022190
2 0.440386 0.374133 0.013664 0.018373
2 0.434588 0.387773 0.014284 0.024733
1 0.157482 0.668550 0.016098 0.018807
1 0.164282 0.679783 0.011804 0.015387
1 0.165578 0.542508 0.013416 0.022997
1 0.153764 0.538352 0.016814 0.020270
1 0.224332 0.549220 0.020572 0.022467
0 0.317776 0.940693 0.019140 0.023447
2 0.402940 0.852502 0.027546 0.038343
2 0.497924 0.939570 0.025756 0.023933
2 0.563842 0.871065 0.047044 0.054463
2 0.871192 0.023723 0.053234 0.047447
1 0.304778 0.339947 0.044048 0.048533
1 0.355412 0.342847 0.022540 0.030773
2 0.344590 0.385465 0.022002 0.029063
2 0.357488 0.374597 0.016280 0.024913
2 0.363838 0.372155 0.012880 0.022957
2 0.369544 0.368247 0.010376 0.024420
2 0.377324 0.366170 0.014130 0.024180
2 0.417612 0.379858 0.014908 0.027277
2 0.424600 0.388125 0.013560 0.023743
1 0.115300 0.829168 0.022248 0.028817
1 0.325046 0.783143 0.028480 0.032153
1 0.369114 0.665013 0.018156 0.019680
1 0.572492 0.593288 0.029314 0.044170
1 0.504354 0.671627 0.030634 0.036420