0 0.977668 0.161072 0.032832 0.042077
2 0.127654 0.348290 0.025556 0.023367
1 0.819158 0.153315 0.027382 0.034270
1 0.957896 0.807243 0.026622 0.031933
1 0.440464 0.940853 0.023638 0.021093
1 0.519508 0.843920 0.018342 0.021913
1 0.450000 0.803922 0.013574 0.018290
1 0.671042 0.561515 0.025862 0.030950
1 0.892948 0.705752 0.026672 0.027043
1 0.903548 0.620668 0.027930 0.037010
1 0.912830 0.493133 0.021866 0.027693
1 0.950940 0.416868 0.022344 0.023150
1 0.895414 0.350445 0.023274 0.031777
1 0.942510 0.206323 0.028206 0.037387
1 0.801960 0.437853 0.020262 0.022807
1 0.778684 0.422712 0.021904 0.033650
1 0.671894 0.436172 0.024644 0.025423
1 0.701466 0.378597 0.026286 0.029907
1 0.737612 0.325695 0.027930 0.025797
1 0.747742 0.288872 0.024644 0.031403
1 0.696950 0.283077 0.019440 0.022060
1 0.318132 0.050633 0.020816 0.034467
1 0.227314 0.134400 0.034860 0.030940
1 0.021330 0.109713 0.019490 0.023367
1 0.025450 0.134377 0.025196 0.023800
1 0.052844 0.241865 0.027954 0.036090
1 0.022420 0.396470 0.030616 0.030633
1 0.070814 0.312353 0.031946 0.042060
1 0.584340 0.188653 0.017114 0.025547
1 0.553306 0.236943 0.024416 0.029287
1 0.454618 0.346295 0.020080 0.021183
1 0.427350 0.326512 0.018484 0.020250
1 0.312122 0.435123 0.029846 0.034393
1 0.511464 0.490082 0.024920 0.035143
1 0.459986 0.531952 0.019990 0.025423
1 0.418502 0.455687 0.029572 0.037387
1 0.346486 0.551205 0.025738 0.030283
1 0.358126 0.619247 0.017250 0.024300
2 0.014476 0.353273 0.019624 0.025860
2 0.389256 0.662727 0.022728 0.023180
1 0.673538 0.882892 0.060240 0.078883
1 0.464614 0.832607 0.025740 0.032153
1 0.123076 0.722357 0.035048 0.044113
1 0.042574 0.696187 0.021906 0.025420
1 0.122666 0.630015 0.023824 0.029163
0 0.967442 0.137610 0.024480 0.036307
0 0.951026 0.142067 0.020446 0.030540
1 0.101196 0.047375 0.028174 0.037250
2 0.651750 0.289040 0.023388 0.022587
2 0.929904 0.443988 0.019014 0.020783
2 0.798358 0.591732 0.015402 0.021290
0 0.704152 0.058070 0.020284 0.032020