1 0.670702 0.739488 0.050656 0.061063
1 0.725922 0.785753 0.043812 0.050780
1 0.842864 0.483710 0.021678 0.026793
0 0.143514 0.771172 0.054546 0.060563
1 0.204958 0.783958 0.025630 0.027817
1 0.263776 0.707468 0.053230 0.071330
1 0.618560 0.620945 0.024416 0.023990
1 0.523980 0.540567 0.020992 0.026480
1 0.479370 0.551160 0.047690 0.052653
1 0.424160 0.430058 0.032544 0.037697
1 0.780914 0.333078 0.041530 0.045797
1 0.761976 0.239302 0.047460 0.057637
1 0.580798 0.042872 0.031490 0.036137
1 0.432478 0.204720 0.028750 0.041433
1 0.064646 0.580912 0.035596 0.044863
1 0.392186 0.634872 0.038882 0.050470
1 0.378084 0.680668 0.042442 0.055330