0 0.732842 0.284223 0.033378 0.038487
0 0.325718 0.677167 0.050820 0.055200
0 0.876204 0.354367 0.030786 0.034947
0 0.784956 0.219150 0.047110 0.045073
0 0.948872 0.266943 0.024472 0.029540
0 0.252432 0.235950 0.025332 0.038687
1 0.039182 0.157990 0.020708 0.028273
1 0.058500 0.286493 0.024112 0.038827
1 0.478442 0.061413 0.019834 0.025320
1 0.538978 0.048930 0.014682 0.027780
1 0.769116 0.078713 0.024112 0.028867
1 0.444600 0.359137 0.022178 0.028820
1 0.380114 0.428253 0.021646 0.026867
1 0.400506 0.487843 0.022720 0.039567
1 0.684136 0.676293 0.022540 0.025400
1 0.765796 0.514367 0.019140 0.026373
1 0.940146 0.590420 0.018242 0.023440
1 0.978964 0.583460 0.023614 0.032973
1 0.936838 0.557083 0.018784 0.028580
1 0.875552 0.693703 0.023184 0.036340
1 0.872330 0.803167 0.022754 0.035467
1 0.958190 0.790567 0.018462 0.031360
2 0.929750 0.920397 0.019102 0.018460
2 0.797326 0.536050 0.022466 0.028553
2 0.886118 0.256743 0.016894 0.025273
2 0.619880 0.347853 0.024146 0.034400
2 0.563386 0.320987 0.015502 0.020147
2 0.503586 0.637940 0.025756 0.035520
2 0.446660 0.772637 0.021124 0.028487
2 0.318770 0.263357 0.017002 0.024620
2 0.404848 0.038090 0.021016 0.025740
2 0.524006 0.023743 0.019478 0.027433
2 0.190640 0.030283 0.026582 0.028700