0 0.969358 0.923743 0.048296 0.059833
2 0.434218 0.241623 0.021894 0.024460
2 0.966040 0.694657 0.029824 0.034033
2 0.966262 0.593170 0.032934 0.032820
1 0.898648 0.853260 0.034522 0.035413
1 0.735496 0.598540 0.046674 0.055707
1 0.721120 0.662057 0.050688 0.060353
2 0.746848 0.854297 0.047398 0.059087
0 0.662134 0.834100 0.059130 0.057667
2 0.304920 0.738023 0.025376 0.013447
2 0.303840 0.750390 0.022788 0.015607
1 0.708652 0.516983 0.010870 0.014700
2 0.273518 0.896613 0.016030 0.019240
2 0.129960 0.983910 0.036396 0.032180
0 0.157972 0.972380 0.051176 0.055240
2 0.037728 0.851290 0.040122 0.039860
2 0.151606 0.728367 0.037460 0.047093
2 0.263626 0.592390 0.028560 0.043553
2 0.050530 0.567320 0.025962 0.024813
2 0.518684 0.738590 0.026674 0.022287
2 0.150424 0.280250 0.046982 0.048113
2 0.024148 0.317043 0.048296 0.053340
0 0.157942 0.320703 0.026382 0.038260
0 0.192080 0.325487 0.038906 0.057600
2 0.300062 0.041303 0.032504 0.048193
1 0.022038 0.102423 0.037416 0.047020
2 0.629230 0.185510 0.024038 0.033687
2 0.781956 0.275203 0.021900 0.021740
2 0.835506 0.095707 0.031450 0.038867
2 0.500090 0.053500 0.035942 0.036240
1 0.204340 0.026667 0.026622 0.043613
0 0.459974 0.458563 0.021792 0.034127
0 0.904952 0.027280 0.062686 0.054560
0 0.231804 0.022853 0.041860 0.043360
0 0.130620 0.088093 0.123292 0.156787
1 0.227742 0.930210 0.027154 0.024913
1 0.176110 0.898000 0.028930 0.020053
1 0.627502 0.953933 0.029068 0.031373
1 0.698300 0.508787 0.013974 0.015547
1 0.853384 0.618290 0.032764 0.043047
1 0.588298 0.458683 0.044820 0.043887
1 0.315826 0.724523 0.024150 0.025887
1 0.598642 0.103580 0.056006 0.064827
1 0.919378 0.615430 0.032710 0.035873
0 0.404600 0.810820 0.058418 0.047267
0 0.418972 0.852600 0.058110 0.049800