1 0.479804 0.856273 0.032208 0.039507
2 0.189860 0.315493 0.021822 0.027840
1 0.911126 0.574363 0.055640 0.072167
2 0.117986 0.756103 0.019322 0.029553
2 0.454448 0.778407 0.025342 0.027267
1 0.034606 0.033260 0.018882 0.025947
1 0.464896 0.335133 0.018804 0.024267
1 0.980588 0.030417 0.019976 0.026260
1 0.688124 0.074880 0.020214 0.022227
2 0.725872 0.215670 0.025972 0.034287
1 0.979106 0.243223 0.025040 0.037367
1 0.924792 0.431743 0.012818 0.017913
1 0.913538 0.432663 0.009986 0.016487
1 0.891850 0.414447 0.015800 0.019133
2 0.907050 0.270500 0.021240 0.027987
2 0.851424 0.304513 0.014750 0.023320
1 0.864062 0.300213 0.015186 0.022027
1 0.794836 0.309997 0.016098 0.021780
1 0.762478 0.314103 0.026704 0.034940
1 0.732854 0.429027 0.019008 0.024080
1 0.818438 0.503107 0.022714 0.026133
1 0.987380 0.898807 0.024848 0.039560
1 0.810054 0.965427 0.020186 0.024280
2 0.745664 0.921537 0.017774 0.021793
1 0.670100 0.886277 0.031158 0.031140
1 0.819200 0.738403 0.021640 0.023633
1 0.727674 0.669967 0.015278 0.017813
1 0.690284 0.698713 0.013046 0.016280
2 0.620328 0.692887 0.015058 0.015267
2 0.615480 0.677723 0.015502 0.017913
2 0.639482 0.607710 0.017890 0.019540
0 0.540854 0.528510 0.034346 0.035167
1 0.354456 0.603867 0.025640 0.020760
1 0.469734 0.719227 0.017886 0.024427
1 0.385088 0.755957 0.022002 0.019047
1 0.382764 0.738373 0.016992 0.018560
1 0.308708 0.714683 0.023432 0.025393
1 0.184610 0.650067 0.017442 0.025240
1 0.094052 0.639177 0.023848 0.024220
1 0.078848 0.676523 0.018780 0.022793
1 0.090270 0.955170 0.017886 0.019500
1 0.261238 0.980697 0.018384 0.019500
2 0.535784 0.209263 0.031840 0.040513
1 0.452790 0.237330 0.027818 0.032500
1 0.481382 0.221293 0.034306 0.046840
1 0.344604 0.151660 0.030908 0.037560
2 0.359288 0.104180 0.029366 0.034600
2 0.287916 0.257027 0.023184 0.030187
2 0.060352 0.388127 0.014306 0.019053
0 0.088614 0.387883 0.027548 0.025887
0 0.058876 0.047183 0.021894 0.027260
1 0.317562 0.025043 0.045610 0.050087
1 0.256694 0.152460 0.039258 0.042627
1 0.178030 0.188967 0.032144 0.059080
1 0.170766 0.287087 0.023798 0.029960
1 0.053460 0.356087 0.019166 0.033760
1 0.212186 0.508863 0.026274 0.028700
1 0.214658 0.433110 0.019472 0.024900
2 0.188692 0.385420 0.019472 0.032493