2 0.732354 0.777640 0.013526 0.016707
2 0.949610 0.723157 0.019140 0.025887
1 0.578594 0.204960 0.018232 0.024480
1 0.536248 0.179640 0.025034 0.042200
1 0.199764 0.335240 0.013140 0.015827
1 0.023144 0.727263 0.018780 0.019540
2 0.355500 0.345967 0.022408 0.024973
1 0.386284 0.961013 0.016280 0.021493
1 0.919200 0.831120 0.016484 0.022160
1 0.942134 0.494733 0.011806 0.014360
1 0.470842 0.357647 0.063364 0.075120
1 0.468216 0.255940 0.055640 0.075960
1 0.298796 0.053283 0.047602 0.064567
2 0.285004 0.270143 0.035380 0.036753
2 0.478334 0.197443 0.021680 0.025500
2 0.696232 0.080757 0.021382 0.024620
2 0.757924 0.033280 0.016484 0.016173
2 0.763332 0.046467 0.017514 0.015827
2 0.939024 0.382930 0.015888 0.018753
0 0.759944 0.649860 0.026274 0.029960
0 0.893086 0.154217 0.106826 0.146460
0 0.150384 0.697020 0.022994 0.026840
0 0.987400 0.127987 0.019672 0.028293
2 0.366148 0.012797 0.023370 0.025593
2 0.215926 0.109407 0.030786 0.025827
2 0.057912 0.101300 0.030786 0.032920
2 0.029982 0.434483 0.033754 0.040513
2 0.154278 0.829047 0.022256 0.029373
2 0.131094 0.808280 0.015948 0.020253
2 0.299678 0.856140 0.018544 0.025827
2 0.542120 0.532713 0.025244 0.024973
2 0.626350 0.592500 0.014936 0.015827
2 0.897380 0.420443 0.021040 0.021100
2 0.794174 0.754050 0.023828 0.024620