2 0.027492 0.159967 0.027544 0.033213
1 0.005070 0.169737 0.010142 0.025887
2 0.280742 0.059663 0.021318 0.023807
2 0.370792 0.010783 0.028770 0.021567
2 0.813660 0.181603 0.020034 0.026620
2 0.995384 0.120820 0.008960 0.020147
2 0.820232 0.594380 0.016958 0.026080
2 0.793830 0.680253 0.019966 0.026080
2 0.499970 0.948767 0.015888 0.024027
2 0.310002 0.870957 0.019750 0.023153
2 0.177386 0.848187 0.025092 0.029680
2 0.156458 0.866670 0.023726 0.030700
2 0.055036 0.713923 0.023492 0.033340
2 0.280982 0.618243 0.013134 0.020393
2 0.475972 0.535773 0.021894 0.026373
2 0.767378 0.797570 0.020606 0.030953
0 0.903306 0.640573 0.041210 0.049587
0 0.665760 0.851083 0.042964 0.049793
0 0.565302 0.845383 0.033692 0.044313
0 0.431362 0.432233 0.026474 0.028080
0 0.532026 0.595713 0.027080 0.032400
1 0.144498 0.044203 0.031124 0.036140
1 0.032458 0.308493 0.022066 0.026253
1 0.299404 0.325603 0.037032 0.042500
1 0.232502 0.281767 0.017710 0.024667
1 0.369846 0.418380 0.028588 0.033760
1 0.519144 0.432927 0.020250 0.026627
1 0.529206 0.351263 0.016772 0.021033
1 0.569890 0.319377 0.022358 0.028153
1 0.625200 0.108493 0.028194 0.034947
1 0.728708 0.398247 0.031684 0.046760
1 0.896734 0.158160 0.022714 0.031507
1 0.988308 0.361443 0.017602 0.021687
0 0.952076 0.552473 0.019316 0.033413
1 0.960124 0.804280 0.024682 0.031360
1 0.767526 0.869890 0.027906 0.032727
1 0.906426 0.940473 0.025938 0.030280
2 0.824770 0.942060 0.060820 0.065213
1 0.623404 0.960680 0.020498 0.026627
1 0.629802 0.994037 0.020620 0.011927
1 0.593774 0.963567 0.022608 0.024933
1 0.600918 0.981967 0.012548 0.014587
1 0.433464 0.993033 0.012320 0.013933
1 0.399820 0.923523 0.021426 0.023033
1 0.319100 0.843880 0.018256 0.024253
1 0.483144 0.840830 0.030410 0.037447
1 0.432890 0.702407 0.029190 0.031360
1 0.347076 0.646323 0.017354 0.025153
1 0.231878 0.671600 0.021284 0.025400
1 0.129952 0.659733 0.017598 0.019640
1 0.062712 0.551587 0.049370 0.055200
1 0.654714 0.578323 0.023394 0.021980
1 0.692408 0.600450 0.019746 0.023447
1 0.747788 0.598690 0.022754 0.031647
1 0.584866 0.599570 0.035200 0.040447
1 0.539124 0.696430 0.019322 0.033700
1 0.657290 0.722660 0.022110 0.028133
1 0.688330 0.722660 0.019746 0.036347
1 0.221150 0.532283 0.025962 0.041780