2 0.252444 0.058528 0.021616 0.021630
0 0.485194 0.588825 0.020594 0.020483
0 0.788420 0.504087 0.017358 0.019680
2 0.685604 0.519448 0.031626 0.029623
2 0.673104 0.393652 0.023596 0.026083
2 0.526926 0.527448 0.026354 0.030963
2 0.389008 0.590608 0.024822 0.028870
2 0.521850 0.663697 0.025008 0.027780
2 0.537796 0.773533 0.029272 0.030327
2 0.288646 0.957535 0.027360 0.035950
1 0.370400 0.652275 0.026242 0.026483
0 0.164366 0.707030 0.022662 0.036347
0 0.147966 0.698483 0.017430 0.034400
2 0.112166 0.572210 0.015456 0.017547
2 0.970398 0.041418 0.021518 0.029177
2 0.455610 0.204583 0.024316 0.028773
2 0.772934 0.982735 0.026232 0.031590
2 0.803066 0.811167 0.018298 0.031020
2 0.815408 0.811165 0.014736 0.028670
2 0.835856 0.808568 0.022720 0.023810
2 0.835672 0.826508 0.021614 0.023810
2 0.253182 0.075128 0.021616 0.023977
2 0.256252 0.086447 0.020632 0.019787
1 0.213266 0.075465 0.026772 0.038063
1 0.256052 0.189853 0.035372 0.048493
1 0.219136 0.205347 0.052612 0.064187
1 0.359478 0.218103 0.030506 0.042860
1 0.523180 0.296212 0.030212 0.041750
1 0.577462 0.252598 0.027756 0.040410
1 0.732032 0.133077 0.042492 0.055333
1 0.988010 0.240160 0.027376 0.043173
1 0.687378 0.683547 0.030210 0.040913
1 0.730390 0.972942 0.034082 0.043457
1 0.978472 0.938597 0.021520 0.031807