1 0.920856 0.951218 0.021396 0.028797
1 0.908168 0.758073 0.017742 0.022073
1 0.778640 0.819715 0.022080 0.026917
1 0.680796 0.920590 0.014722 0.019907
1 0.619226 0.973378 0.017114 0.020337
1 0.277500 0.942882 0.019966 0.019990
1 0.202864 0.965600 0.021678 0.026480
1 0.145058 0.910298 0.010268 0.016097
1 0.126636 0.845213 0.013946 0.020987
1 0.266114 0.654218 0.019966 0.035050
1 0.326122 0.622560 0.020344 0.023887
1 0.462612 0.707668 0.014922 0.018570
1 0.539036 0.641175 0.012358 0.015057
1 0.416482 0.574842 0.012548 0.014797
1 0.330324 0.508642 0.020466 0.021637
1 0.111458 0.533278 0.012742 0.015837
1 0.070766 0.517958 0.010458 0.011163
1 0.046220 0.503740 0.009780 0.010853
1 0.214038 0.454985 0.013920 0.019003
1 0.267964 0.317453 0.017666 0.018433
1 0.418970 0.250263 0.015054 0.024520
1 0.402132 0.201585 0.010696 0.013343
1 0.199258 0.175063 0.016796 0.019687
1 0.251724 0.047633 0.020442 0.031153
1 0.202998 0.028918 0.013946 0.018390
1 0.463808 0.076798 0.018938 0.020563
1 0.490734 0.126178 0.013006 0.015890
1 0.571494 0.094807 0.014194 0.017880
1 0.701630 0.154243 0.014788 0.014580
1 0.693962 0.042087 0.018618 0.028787
1 0.851818 0.263063 0.017496 0.018433
1 0.878720 0.314208 0.012728 0.014277
1 0.776612 0.311352 0.021868 0.021550
1 0.896668 0.060828 0.015950 0.019130
1 0.744648 0.346337 0.008198 0.013060
1 0.781854 0.409447 0.011304 0.016113
1 0.775330 0.600488 0.013664 0.012550
1 0.864726 0.643193 0.009836 0.017527
1 0.968500 0.408873 0.012422 0.015687
2 0.928868 0.882555 0.010434 0.011603
2 0.918062 0.778538 0.016396 0.017977
2 0.965018 0.746483 0.018134 0.025780
2 0.825640 0.717273 0.018032 0.021453
2 0.752742 0.672083 0.011848 0.014067
2 0.969588 0.517620 0.016022 0.023747
2 0.836236 0.470775 0.011926 0.016283
2 0.816236 0.432783 0.017640 0.022727
2 0.729822 0.456843 0.009936 0.010600
2 0.863726 0.379903 0.014162 0.021540
2 0.798200 0.328072 0.011552 0.013910
2 0.978432 0.314605 0.010684 0.014077
2 0.964892 0.285095 0.018882 0.025610
2 0.763846 0.064425 0.012880 0.017097
2 0.659560 0.101793 0.013596 0.015140
2 0.627362 0.096420 0.013952 0.015140
2 0.614750 0.129637 0.014846 0.020027
2 0.638720 0.189472 0.012342 0.020517
2 0.659828 0.197897 0.011984 0.017340
2 0.567884 0.253827 0.017710 0.022713
2 0.324752 0.043105 0.018962 0.019537
2 0.319486 0.058438 0.017600 0.019903
2 0.309866 0.070393 0.023724 0.021907
2 0.236980 0.059423 0.018930 0.030527
2 0.121334 0.074448 0.020000 0.023743
2 0.082590 0.031538 0.012796 0.015263
2 0.053718 0.180065 0.010250 0.011730
2 0.089742 0.197167 0.013770 0.018800
2 0.161158 0.386347 0.021118 0.020520
2 0.288764 0.386915 0.020870 0.026050
2 0.386328 0.401670 0.018334 0.023407
2 0.335516 0.302072 0.014658 0.017130
2 0.486132 0.367878 0.020000 0.026290
2 0.522350 0.518167 0.013416 0.016893
2 0.432166 0.573218 0.012224 0.016690
2 0.502402 0.593510 0.023076 0.020120
2 0.484504 0.570692 0.011716 0.016097
2 0.475082 0.686842 0.009480 0.013677
2 0.565398 0.696645 0.011000 0.013250
2 0.149544 0.501797 0.013790 0.016453
2 0.021166 0.604058 0.014794 0.018517
2 0.152432 0.653992 0.009004 0.012437
2 0.074374 0.892885 0.022688 0.026617
2 0.067386 0.917383 0.018376 0.022380
2 0.011918 0.928983 0.015098 0.018727
2 0.346658 0.819022 0.015776 0.021370
2 0.368956 0.802315 0.019380 0.020523
2 0.384296 0.823347 0.019750 0.023913
2 0.305478 0.683548 0.016382 0.020257
2 0.626440 0.835932 0.019750 0.023403
2 0.469672 0.891222 0.019502 0.024083
2 0.650372 0.904567 0.017598 0.023460
2 0.698714 0.927745 0.010560 0.013003
2 0.798474 0.207417 0.031304 0.025100
2 0.803194 0.180788 0.034036 0.028830
2 0.574688 0.861043 0.017144 0.019740
2 0.572112 0.813218 0.011386 0.014370