2 0.135188 0.622928 0.017388 0.018630
0 0.200988 0.610133 0.044952 0.056527
2 0.190900 0.652598 0.019168 0.021497
2 0.137962 0.687493 0.032858 0.028973
2 0.139866 0.634273 0.010234 0.010367
2 0.186358 0.625258 0.018928 0.023290
2 0.194332 0.729192 0.017170 0.019537
2 0.156982 0.792738 0.022540 0.029063
2 0.180506 0.841342 0.019854 0.023203
2 0.206710 0.867963 0.016458 0.017340
2 0.351170 0.897692 0.022924 0.024970
2 0.447498 0.714660 0.017532 0.021493
2 0.633970 0.973225 0.018632 0.018723
2 0.918686 0.962540 0.013864 0.016893
2 0.862286 0.890503 0.027260 0.030480
2 0.956518 0.871602 0.027690 0.031357
2 0.890372 0.749173 0.022154 0.028133
2 0.992504 0.644368 0.014168 0.023210
1 0.861026 0.757450 0.031004 0.040907
2 0.754388 0.745008 0.015528 0.018657
2 0.741406 0.782150 0.016396 0.022047
2 0.662428 0.711737 0.015056 0.016487
2 0.716464 0.571103 0.024744 0.031547
2 0.976290 0.428942 0.027260 0.031650
2 0.933894 0.395092 0.023614 0.027257
2 0.975966 0.349960 0.017602 0.022567
2 0.815264 0.153350 0.019228 0.027273
2 0.836802 0.177672 0.023254 0.021777
2 0.927394 0.147707 0.020750 0.032727
2 0.955566 0.146487 0.027012 0.038100
2 0.654636 0.224232 0.019980 0.020210
2 0.649410 0.207767 0.018012 0.014133
2 0.549820 0.086693 0.020744 0.024253
2 0.512628 0.229770 0.027190 0.031993
2 0.487586 0.307067 0.022896 0.023933
2 0.482588 0.476473 0.024214 0.028487
2 0.545052 0.432513 0.021380 0.031300
2 0.602752 0.443413 0.016228 0.024267
2 0.588150 0.120072 0.031340 0.038683
1 0.574984 0.320055 0.036472 0.052330
1 0.498482 0.179943 0.046674 0.058240
2 0.187928 0.098325 0.026116 0.029797
2 0.301696 0.053753 0.030052 0.037367
2 0.193652 0.018217 0.031840 0.032727
2 0.024614 0.011430 0.026472 0.022860
2 0.230064 0.181247 0.020870 0.019333
2 0.234598 0.199648 0.020744 0.019843
2 0.154864 0.357795 0.017390 0.014697
2 0.156262 0.371082 0.018530 0.014417
2 0.337996 0.380955 0.022564 0.021943
0 0.018266 0.506935 0.026460 0.024590
2 0.073794 0.474797 0.020250 0.031547
2 0.008058 0.790175 0.016116 0.025157
2 0.041338 0.653408 0.018248 0.020270
1 0.103226 0.908470 0.018890 0.027547
1 0.179858 0.896162 0.015454 0.020517
1 0.249190 0.865828 0.021038 0.027257
1 0.370792 0.938950 0.018244 0.021687
1 0.296522 0.977490 0.018244 0.021980
1 0.372938 0.877843 0.012664 0.016120
1 0.441950 0.867587 0.016744 0.023740
1 0.401042 0.820948 0.016398 0.019743
1 0.422358 0.807923 0.016696 0.020147
1 0.501170 0.833452 0.047600 0.054863
1 0.793566 0.568740 0.010454 0.019080
1 0.803712 0.567537 0.010042 0.021200
1 0.798122 0.586688 0.019358 0.019363
1 0.824416 0.566618 0.016668 0.021623
1 0.684744 0.523185 0.030052 0.033217
1 0.573304 0.518300 0.017172 0.016607
1 0.573036 0.503403 0.016276 0.014653
1 0.156828 0.597623 0.015800 0.021573
1 0.271622 0.479660 0.023552 0.028900
1 0.100152 0.283963 0.013754 0.013973
0 0.093492 0.298838 0.031692 0.027497
1 0.706258 0.184003 0.016978 0.018320
1 0.809214 0.217463 0.023550 0.029160
1 0.806202 0.290363 0.020264 0.023927
1 0.750754 0.286438 0.014514 0.016823
1 0.914892 0.061310 0.023198 0.026220
1 0.927622 0.362358 0.016480 0.022283
1 0.944656 0.356952 0.016638 0.022717
1 0.958582 0.557485 0.020810 0.027290
1 0.778284 0.436597 0.031912 0.044620
1 0.055184 0.476225 0.016904 0.028123