0 0.433260 0.830203 0.033090 0.044447
0 0.817788 0.837733 0.039668 0.065413
0 0.409194 0.650593 0.020176 0.029013
0 0.507768 0.015833 0.017588 0.024813
1 0.416650 0.953543 0.029366 0.039393
1 0.842132 0.867043 0.014654 0.021367
2 0.771086 0.588420 0.024214 0.030240
2 0.607810 0.495247 0.027906 0.036147
1 0.492522 0.495050 0.037094 0.046593
2 0.417232 0.284793 0.024150 0.036147
2 0.517828 0.233137 0.022236 0.030353
2 0.479954 0.177903 0.016352 0.020633
2 0.670652 0.052397 0.024000 0.027273
1 0.610952 0.019527 0.019082 0.027067
1 0.171860 0.148197 0.030058 0.035447
1 0.238616 0.394113 0.018784 0.027680
2 0.121480 0.614620 0.019052 0.023067
2 0.059390 0.856260 0.017676 0.022000
2 0.148042 0.921927 0.020488 0.024640
2 0.391882 0.808250 0.018012 0.028833
2 0.487256 0.977713 0.017266 0.020013
2 0.482480 0.993010 0.016104 0.013980
2 0.581070 0.942513 0.015118 0.019347
2 0.733260 0.872027 0.030854 0.036027
1 0.746280 0.325180 0.045078 0.049240