2 0.190980 0.473735 0.015674 0.014017
5 0.079546 0.558187 0.065958 0.076680
4 0.879426 0.038260 0.061480 0.076520
0 0.963238 0.041527 0.041348 0.078133
4 0.560308 0.441592 0.066010 0.093050
1 0.563372 0.330643 0.024824 0.030813
1 0.551410 0.283807 0.027986 0.036980
1 0.679600 0.220022 0.021668 0.033897
1 0.614150 0.326638 0.047846 0.059777
1 0.648456 0.341428 0.027986 0.032663
1 0.641008 0.387033 0.031146 0.036360
1 0.663350 0.411685 0.028890 0.031430
1 0.377178 0.321708 0.031596 0.028963
2 0.193106 0.462123 0.012880 0.013520
2 0.199392 0.450137 0.011968 0.012273
2 0.206258 0.462040 0.014278 0.014847
1 0.258224 0.625718 0.017352 0.017817
1 0.262708 0.647268 0.022090 0.020903
1 0.259062 0.669613 0.015380 0.014633
1 0.249914 0.680562 0.012976 0.015030
1 0.246600 0.664985 0.013638 0.014530
1 0.234932 0.674690 0.011736 0.017220
1 0.469858 0.897738 0.022570 0.024823
1 0.493210 0.951235 0.019122 0.024823
1 0.559662 0.859863 0.018494 0.026107
1 0.582232 0.808722 0.018496 0.024823
1 0.666552 0.820703 0.019748 0.025680
1 0.735198 0.830762 0.026644 0.031243