2 0.842840 0.128737 0.020740 0.028520
0 0.092628 0.984338 0.028684 0.031323
0 0.512204 0.643295 0.020652 0.033017
0 0.397028 0.371352 0.014466 0.016903
2 0.852352 0.709332 0.018812 0.019437
2 0.887546 0.823668 0.040566 0.044143
2 0.531920 0.883933 0.018182 0.017593
2 0.687332 0.606540 0.031480 0.042980
2 0.620008 0.549485 0.014742 0.016310
2 0.249888 0.691398 0.013902 0.014237
2 0.007548 0.708260 0.010738 0.012853
2 0.114380 0.391475 0.008174 0.010043
2 0.991332 0.135750 0.016238 0.018073
2 0.229180 0.706442 0.021328 0.026443
2 0.091110 0.605965 0.017024 0.018943
1 0.108918 0.599848 0.018876 0.022930
1 0.048916 0.581188 0.019000 0.026777
1 0.217074 0.939050 0.026478 0.036873
1 0.636606 0.790955 0.019064 0.025683
1 0.638766 0.643463 0.025926 0.034707
1 0.874128 0.977578 0.026624 0.031930
1 0.972012 0.971787 0.023698 0.019107
1 0.683704 0.435122 0.023182 0.028737
1 0.775056 0.446992 0.025318 0.029983
2 0.789086 0.412217 0.013116 0.015407
1 0.545300 0.341632 0.042576 0.050323
1 0.336064 0.405187 0.028470 0.030887
1 0.082344 0.381477 0.016792 0.019247
1 0.240898 0.681503 0.015444 0.018913
1 0.313874 0.052662 0.023132 0.027763
1 0.476676 0.022992 0.016774 0.020477
1 0.565256 0.025595 0.018046 0.020823
1 0.660192 0.146017 0.018300 0.019433
1 0.728440 0.127797 0.018554 0.024640
1 0.845506 0.047140 0.023934 0.028340
1 0.930974 0.024148 0.023300 0.028050
1 0.896130 0.184220 0.020546 0.025447