2 0.079456 0.137958 0.033542 0.029910
2 0.398890 0.601603 0.020284 0.023367
0 0.846164 0.467427 0.028000 0.031187
0 0.684188 0.804767 0.035938 0.034547
0 0.995706 0.749053 0.029794 0.034420
0 0.319674 0.086908 0.021688 0.022610
1 0.118842 0.851182 0.032858 0.044550
1 0.145084 0.914892 0.025102 0.023677
1 0.290754 0.905222 0.028918 0.035517
1 0.403944 0.849333 0.036906 0.049100
1 0.600720 0.879442 0.026622 0.027477
1 0.659272 0.881607 0.023926 0.024013
1 0.774442 0.927740 0.028392 0.033893
1 0.760304 0.746982 0.035486 0.038763
1 0.767750 0.446078 0.027154 0.034270
1 0.905904 0.423282 0.029472 0.038683
1 0.862192 0.395810 0.015498 0.018153
1 0.869528 0.391678 0.015864 0.020657
1 0.871226 0.376545 0.014306 0.022443
1 0.839554 0.176798 0.017750 0.021850
1 0.605428 0.164985 0.028208 0.030723
1 0.099812 0.013337 0.027154 0.026673
1 0.071494 0.419285 0.024722 0.037643
2 0.018614 0.521453 0.017116 0.019227
2 0.073434 0.634485 0.015974 0.021810
2 0.406496 0.694852 0.025354 0.028990
2 0.075810 0.723795 0.018824 0.023363
2 0.067824 0.782470 0.014642 0.021287
2 0.053088 0.774292 0.017874 0.022590
2 0.211780 0.768627 0.020918 0.024880
2 0.213998 0.748075 0.018064 0.019690
2 0.350528 0.944305 0.021552 0.024450
2 0.365106 0.929572 0.018382 0.025310
2 0.383804 0.922432 0.014262 0.021417
2 0.399492 0.931735 0.017114 0.020983
2 0.413832 0.946338 0.019490 0.026397
2 0.413674 0.976628 0.016006 0.026397
2 0.383726 0.957612 0.022344 0.019903
2 0.368116 0.973513 0.023768 0.020553
2 0.857298 0.890545 0.012954 0.016223
2 0.880140 0.929848 0.014274 0.017670
2 0.993022 0.626160 0.014102 0.018607
2 0.994052 0.643253 0.018064 0.022933
2 0.892082 0.609610 0.024244 0.028340
2 0.770958 0.618485 0.014030 0.015777
2 0.767564 0.609908 0.012746 0.015150
2 0.689650 0.482343 0.014790 0.021273
2 0.815998 0.452242 0.014214 0.018677
2 0.836136 0.449747 0.017432 0.021993
2 0.832214 0.212680 0.020334 0.021993
2 0.701440 0.194647 0.018264 0.017113
2 0.771312 0.105627 0.020562 0.020660
2 0.786516 0.097385 0.018570 0.019197
2 0.484966 0.319937 0.023770 0.028560
2 0.386720 0.269633 0.024084 0.033967
2 0.313420 0.393007 0.018046 0.020433
2 0.225358 0.180110 0.021678 0.033960
1 0.275606 0.719408 0.021550 0.019690
2 0.295980 0.142880 0.026014 0.029287
2 0.117084 0.061100 0.036968 0.037700
2 0.044522 0.215627 0.027840 0.025860