2 0.072200 0.368222 0.014148 0.018070
0 0.562270 0.279362 0.022630 0.025963
0 0.743296 0.597037 0.017114 0.022847
2 0.719620 0.609497 0.018826 0.022847
2 0.725800 0.582757 0.017496 0.022327
2 0.705264 0.580680 0.021296 0.025960
2 0.680830 0.574060 0.017304 0.021547
2 0.700606 0.549785 0.019584 0.021810
2 0.613802 0.550695 0.015590 0.015837
2 0.651928 0.561078 0.015022 0.016357
2 0.642324 0.580680 0.014454 0.018693
2 0.625970 0.625855 0.014070 0.020770
2 0.634432 0.675962 0.014642 0.017137
2 0.673128 0.658437 0.022058 0.023107
2 0.658868 0.590417 0.015972 0.022587
2 0.070014 0.726405 0.022674 0.030057
2 0.240930 0.611965 0.012358 0.011423
2 0.218778 0.532520 0.014070 0.019733
2 0.037402 0.448133 0.015288 0.016513
2 0.142710 0.349995 0.013692 0.016510
2 0.107786 0.303975 0.015972 0.019990
2 0.086392 0.269575 0.018064 0.020770
2 0.131650 0.162220 0.012360 0.018433
2 0.106454 0.167413 0.011028 0.013240
0 0.022978 0.180395 0.025480 0.024663
0 0.159316 0.396522 0.021630 0.021310
0 0.163002 0.519363 0.038444 0.038133
0 0.741630 0.386127 0.038798 0.045867
0 0.736190 0.426503 0.042112 0.034887
0 0.472402 0.696928 0.034542 0.035530
4 0.240752 0.697585 0.103306 0.118437