2 0.386982 0.524323 0.027930 0.027667
1 0.714470 0.179568 0.022818 0.028297
1 0.518824 0.620095 0.020728 0.025703
0 0.020914 0.266295 0.041828 0.059650
0 0.463740 0.620728 0.029666 0.036450
1 0.932962 0.887402 0.027254 0.036130
1 0.926082 0.949590 0.012874 0.017727
1 0.933400 0.959130 0.013646 0.018480
1 0.913648 0.968147 0.016616 0.018780
1 0.903910 0.950943 0.016286 0.020733
1 0.791546 0.925498 0.012552 0.012743
1 0.900524 0.754670 0.010142 0.012547
1 0.908528 0.773925 0.015054 0.015577
1 0.914692 0.712480 0.009986 0.018607
1 0.922142 0.386503 0.011884 0.017740
1 0.983068 0.417767 0.014896 0.019253
1 0.890904 0.241483 0.017430 0.020553
1 0.870240 0.220570 0.014658 0.021633
1 0.684272 0.098170 0.015848 0.016227
1 0.644458 0.122237 0.018090 0.020013
1 0.547072 0.141620 0.017430 0.017307
1 0.337746 0.127917 0.018620 0.020193
1 0.302618 0.181807 0.022316 0.023800
1 0.179626 0.033505 0.017430 0.023583
1 0.058720 0.061738 0.021232 0.020337
1 0.096814 0.359267 0.019014 0.022933
1 0.198546 0.340010 0.012044 0.016873
1 0.208132 0.501213 0.012740 0.018953
1 0.231996 0.503550 0.011028 0.021027
1 0.076942 0.716395 0.019714 0.021983
1 0.133952 0.796475 0.015442 0.024223
1 0.017304 0.809037 0.029244 0.029607
1 0.179228 0.956915 0.024560 0.025743
1 0.331672 0.973623 0.019168 0.017947
1 0.339510 0.716803 0.019966 0.024407
1 0.411862 0.690452 0.018636 0.021030
1 0.483550 0.684220 0.022436 0.027260
1 0.517586 0.659817 0.017874 0.018953
1 0.596406 0.629572 0.021486 0.024403
1 0.483318 0.958818 0.017798 0.024923
2 0.645328 0.720952 0.020080 0.025237
1 0.711044 0.697587 0.014148 0.019627
1 0.694606 0.942560 0.015314 0.013020
1 0.700428 0.956645 0.017424 0.018403
1 0.455886 0.536198 0.025672 0.024230
1 0.552626 0.551775 0.026146 0.028990
1 0.662446 0.533670 0.029572 0.037387