1 0.385540 0.434703 0.032858 0.031780
1 0.488714 0.947233 0.030418 0.028133
1 0.303964 0.712447 0.037192 0.042680
1 0.346864 0.550287 0.029436 0.026793
1 0.585886 0.423020 0.023274 0.028973
1 0.562498 0.454175 0.026240 0.034583
1 0.515264 0.527543 0.033086 0.040500
1 0.493700 0.470220 0.036052 0.040500
1 0.469626 0.383298 0.020308 0.026170
4 0.240418 0.544562 0.069792 0.090983
2 0.443312 0.127307 0.024150 0.025960
2 0.508204 0.739028 0.021274 0.021037
1 0.371052 0.324727 0.044040 0.049847
1 0.421480 0.363360 0.038106 0.046733