2 0.321040 0.872952 0.016694 0.020210
2 0.611374 0.249817 0.018342 0.024367
2 0.609762 0.217200 0.016208 0.025267
2 0.631420 0.217592 0.017930 0.029570
2 0.634218 0.244323 0.018648 0.021933
2 0.644046 0.263810 0.019078 0.019387
2 0.623890 0.289758 0.018934 0.023503
2 0.653082 0.286918 0.019936 0.025263
2 0.659966 0.309147 0.019366 0.019973
2 0.639884 0.312768 0.021658 0.022130
2 0.639454 0.334998 0.016782 0.021150
2 0.617150 0.315707 0.018934 0.022913
2 0.684852 0.262342 0.012624 0.019583
2 0.694246 0.276245 0.014772 0.019583
2 0.710528 0.270958 0.018072 0.023110
2 0.700056 0.230615 0.015206 0.018410
2 0.620878 0.349588 0.020366 0.028790
2 0.640242 0.373775 0.019510 0.027810
2 0.679616 0.410102 0.015634 0.019390
2 0.671656 0.437422 0.012910 0.016450
2 0.727740 0.405303 0.018648 0.022327
2 0.743160 0.455635 0.016782 0.021937
0 0.333708 0.331332 0.026622 0.031803
0 0.946274 0.279805 0.026836 0.040377
0 0.417336 0.056798 0.030942 0.031777
2 0.432192 0.025128 0.013628 0.014277
2 0.479176 0.102042 0.016320 0.016657
2 0.398448 0.169622 0.010124 0.014123
2 0.385134 0.150767 0.016066 0.019080
2 0.311438 0.261853 0.012676 0.017667
2 0.572756 0.743265 0.012478 0.017823
2 0.583658 0.748455 0.010756 0.014490
2 0.588892 0.732690 0.018074 0.016253
2 0.585594 0.716435 0.019794 0.017823
2 0.458552 0.785372 0.013626 0.019977
2 0.429362 0.807012 0.012048 0.010770
2 0.536530 0.857105 0.014224 0.016663
2 0.327150 0.836642 0.019278 0.022797
2 0.299524 0.795398 0.016352 0.019743
2 0.230772 0.844185 0.015078 0.020303
2 0.514922 0.980087 0.020450 0.020587
2 0.732460 0.953240 0.014870 0.017767
2 0.719138 0.913617 0.015078 0.019740
2 0.842864 0.844838 0.021118 0.022337
2 0.886140 0.825347 0.016656 0.017460
2 0.880490 0.787580 0.019632 0.023147
2 0.973882 0.809712 0.013682 0.017870
2 0.967934 0.919967 0.017250 0.017460
2 0.903094 0.963823 0.019632 0.018273
1 0.916330 0.830017 0.024686 0.022740
1 0.630656 0.545453 0.013138 0.014553
1 0.509080 0.463388 0.017352 0.017597
1 0.499414 0.573542 0.024292 0.028763
1 0.373908 0.610155 0.022100 0.025963
1 0.315574 0.709800 0.021586 0.021753
1 0.429672 0.769097 0.017476 0.021053
1 0.537092 0.701030 0.016448 0.019647
1 0.121228 0.726520 0.015634 0.023893
1 0.093402 0.835603 0.010472 0.015667
1 0.103944 0.834038 0.008894 0.016450
1 0.112838 0.833450 0.009466 0.019193
2 0.150292 0.890930 0.013770 0.014807
2 0.204598 0.791050 0.012566 0.015747
1 0.220004 0.780357 0.010672 0.016920
1 0.228350 0.770840 0.013254 0.015747
2 0.186268 0.743227 0.015834 0.018333
2 0.172496 0.706448 0.009982 0.013397
0 0.285198 0.919340 0.020654 0.029047
2 0.252046 0.865478 0.013012 0.015510