1 0.414590 0.854990 0.019332 0.026613
2 0.471152 0.942133 0.025354 0.032093
1 0.427736 0.947353 0.021396 0.023060
2 0.326886 0.953597 0.022648 0.020533
1 0.013084 0.927425 0.020786 0.030050
1 0.016684 0.721477 0.019562 0.025353
0 0.248482 0.797523 0.050008 0.063607
4 0.569456 0.591430 0.086526 0.090473
1 0.828244 0.468900 0.017298 0.021633
2 0.823686 0.419680 0.021128 0.023800
1 0.767038 0.526593 0.021392 0.028847
1 0.980940 0.340005 0.027070 0.036810
1 0.953682 0.210135 0.023220 0.035157
1 0.782282 0.058342 0.025828 0.038077
2 0.770238 0.134065 0.027414 0.034617
1 0.736328 0.220822 0.020440 0.025963
2 0.656542 0.148343 0.019648 0.023800
1 0.626198 0.121840 0.021708 0.025747
1 0.452100 0.096055 0.020250 0.027343
1 0.432016 0.100262 0.019916 0.030050
2 0.386686 0.239083 0.021550 0.023913
1 0.538810 0.385295 0.025862 0.034530
1 0.564766 0.394902 0.026812 0.038683
1 0.639496 0.392695 0.029094 0.034790
1 0.618702 0.351952 0.036286 0.045217
1 0.059168 0.519273 0.029844 0.036960
1 0.179766 0.349248 0.024720 0.038510
2 0.341540 0.433322 0.028522 0.034183
2 0.305152 0.644867 0.016772 0.020913
2 0.490550 0.623550 0.030806 0.043100
2 0.643908 0.585905 0.018064 0.024403
1 0.491572 0.468525 0.025860 0.029897
1 0.599906 0.673813 0.046018 0.059973
2 0.561496 0.663040 0.039172 0.059193
1 0.676864 0.641883 0.059782 0.069787
1 0.003748 0.255097 0.007498 0.019127
1 0.850296 0.498018 0.025752 0.035877
1 0.901792 0.625913 0.022626 0.031153
2 0.824970 0.675630 0.021108 0.026220
1 0.950338 0.890183 0.026242 0.032193
1 0.973442 0.921337 0.023770 0.028560
1 0.927806 0.962487 0.025668 0.030373