0 0.633862 0.369808 0.045498 0.061543
1 0.360948 0.198153 0.019470 0.025413
1 0.585848 0.196163 0.016928 0.020800
1 0.295394 0.146253 0.013226 0.018727
1 0.426964 0.282913 0.010716 0.013933
1 0.359758 0.371685 0.021064 0.029597
1 0.510598 0.422195 0.013960 0.016857
1 0.435340 0.054430 0.012898 0.015000
1 0.947028 0.191492 0.016534 0.021737
1 0.881784 0.196465 0.016656 0.021290
1 0.806004 0.249067 0.020314 0.021960
1 0.803442 0.333363 0.010920 0.012540
1 0.837526 0.373490 0.014184 0.016720
1 0.750286 0.416107 0.009610 0.010100
1 0.810596 0.631257 0.010402 0.010353
2 0.916946 0.793887 0.021894 0.027487
1 0.945632 0.741820 0.011904 0.018660
1 0.862672 0.935980 0.015696 0.021187
1 0.799000 0.882265 0.020696 0.029930
1 0.718972 0.716758 0.016020 0.021597
1 0.660828 0.647287 0.009184 0.012540
1 0.506030 0.598952 0.013572 0.017557
1 0.335390 0.651433 0.010630 0.012887
1 0.376958 0.634717 0.013666 0.017053
1 0.452022 0.686723 0.013666 0.015853
1 0.031392 0.955540 0.012756 0.016860
1 0.080562 0.888953 0.013960 0.021067
2 0.204050 0.995847 0.011428 0.008307
1 0.308164 0.919752 0.021162 0.027157
1 0.222354 0.836107 0.014180 0.019360
1 0.196748 0.748707 0.010792 0.016760
1 0.231030 0.635593 0.015024 0.022247
1 0.394820 0.519443 0.010368 0.016467
1 0.390378 0.476538 0.010794 0.013290
1 0.306260 0.535177 0.018624 0.026000
1 0.196008 0.460503 0.020314 0.025713