0 0.641860 0.099897 0.043702 0.058953
0 0.316840 0.593400 0.021944 0.030787
0 0.280726 0.576257 0.015660 0.023980
0 0.299192 0.144273 0.025922 0.033707
1 0.215334 0.019060 0.016088 0.023467
1 0.417554 0.121410 0.024130 0.032447
1 0.600572 0.080470 0.017188 0.023460
1 0.675904 0.071483 0.016456 0.026460
1 0.737562 0.208310 0.024760 0.033807
1 0.751950 0.250780 0.022642 0.030333
1 0.952268 0.188027 0.020522 0.034667
1 0.887514 0.283517 0.020528 0.023980
1 0.934874 0.493567 0.023066 0.032653
2 0.836426 0.186717 0.029512 0.039793
2 0.503222 0.451093 0.016250 0.020453
2 0.549184 0.529797 0.016758 0.021847
2 0.628176 0.717773 0.024760 0.036693
2 0.794744 0.928153 0.024682 0.034533
2 0.104258 0.786190 0.025390 0.027740
2 0.020458 0.865243 0.019804 0.024967
2 0.214190 0.614030 0.020284 0.026687
2 0.120452 0.172760 0.020834 0.028093
2 0.035772 0.017887 0.030126 0.035773
2 0.116374 0.006653 0.019106 0.013307
2 0.381560 0.014487 0.025396 0.028973
1 0.354704 0.355083 0.023912 0.032073
1 0.492998 0.341937 0.021162 0.026580
2 0.477548 0.202617 0.038300 0.038713
1 0.486296 0.161297 0.031040 0.036113
2 0.612544 0.139870 0.017784 0.023273
1 0.871656 0.528457 0.046338 0.065420
1 0.595454 0.520773 0.038760 0.052920
2 0.645002 0.565707 0.035474 0.042933
1 0.642632 0.852383 0.031318 0.034380
1 0.526138 0.829703 0.019258 0.021953
1 0.522116 0.964487 0.022642 0.031493
1 0.450268 0.812467 0.023106 0.025520
1 0.230572 0.898200 0.050586 0.054920
1 0.048498 0.912347 0.020416 0.024960
1 0.060222 0.560770 0.018198 0.024847
1 0.134288 0.540977 0.035126 0.047673
1 0.244712 0.078763 0.046982 0.048887
1 0.010538 0.095783 0.021074 0.032020