1 0.197816 0.509477 0.013234 0.016200
1 0.619792 0.062168 0.031542 0.038763
1 0.619004 0.179528 0.020502 0.027997
1 0.529694 0.250322 0.022476 0.024223
1 0.462072 0.180337 0.017348 0.014533
1 0.383804 0.259205 0.015376 0.024763
1 0.278722 0.205370 0.018138 0.015073
1 0.126522 0.287737 0.013406 0.017227
1 0.273992 0.377912 0.018926 0.027457
1 0.331362 0.404828 0.018532 0.027457
1 0.135152 0.167830 0.015318 0.025240
1 0.008706 0.324507 0.017348 0.021533
1 0.050456 0.485052 0.015062 0.029597
1 0.037448 0.482090 0.011866 0.024300
1 0.035300 0.609602 0.018826 0.026223
1 0.304594 0.937815 0.019966 0.026223
1 0.331120 0.875118 0.023960 0.024923
2 0.548990 0.154157 0.023500 0.029287
2 0.586640 0.170513 0.018484 0.023987
2 0.606720 0.223008 0.012092 0.018070
2 0.718694 0.261148 0.019874 0.023257
2 0.759290 0.108427 0.028388 0.029460
2 0.618476 0.326267 0.018168 0.032560
2 0.829412 0.440613 0.030092 0.027133
2 0.823450 0.478212 0.024982 0.031010
0 0.893576 0.296728 0.038044 0.064343
1 0.278250 0.500285 0.016658 0.017757
2 0.765308 0.513520 0.012678 0.013847
2 0.606832 0.487818 0.022820 0.027043
2 0.644826 0.604528 0.022134 0.028663
2 0.546914 0.500440 0.015288 0.019627
2 0.373658 0.507115 0.021358 0.025123
2 0.449560 0.651573 0.018072 0.026920
2 0.297144 0.761953 0.014604 0.018693
2 0.204830 0.646235 0.017088 0.025123
2 0.125478 0.683920 0.026614 0.032300
2 0.157350 0.768485 0.010842 0.011217
2 0.059468 0.639515 0.018940 0.020563
2 0.051962 0.537328 0.018254 0.018690
2 0.267628 0.224037 0.017684 0.026480
2 0.150152 0.160612 0.013882 0.022070
2 0.135604 0.085840 0.011790 0.013760
2 0.255682 0.021750 0.015516 0.017447
2 0.044636 0.085555 0.021298 0.021810
2 0.406102 0.017700 0.016430 0.020560
1 0.386800 0.627168 0.027600 0.034457
1 0.825264 0.876157 0.020502 0.026380
1 0.839064 0.922993 0.025236 0.026380
0 0.877704 0.894638 0.020700 0.029610
2 0.752750 0.637343 0.021292 0.022073
2 0.838010 0.734890 0.019966 0.025747
2 0.827552 0.758257 0.020600 0.025747
2 0.834200 0.839092 0.023000 0.024677
2 0.937706 0.851243 0.013692 0.019067
2 0.403068 0.959313 0.026624 0.032453
5 0.236834 0.546550 0.121394 0.072900