1 0.379120 0.321668 0.014948 0.020030
1 0.549364 0.465792 0.015358 0.019510
1 0.596270 0.528630 0.019544 0.024160
1 0.692758 0.845045 0.014262 0.017310
1 0.728718 0.921885 0.011158 0.012103
1 0.724820 0.930170 0.012226 0.010953
1 0.752330 0.940500 0.016354 0.014920
1 0.855428 0.619882 0.017270 0.019257
1 0.890446 0.601492 0.016006 0.022283
1 0.929270 0.628860 0.018222 0.020340
1 0.983938 0.701338 0.014736 0.020337
1 0.905640 0.414985 0.017342 0.021497
1 0.830108 0.372050 0.018616 0.019407
1 0.725806 0.380622 0.020728 0.030377
1 0.649288 0.411260 0.016770 0.019293
1 0.637664 0.230488 0.014376 0.015890
1 0.574534 0.106115 0.018090 0.023797
1 0.667806 0.035480 0.013022 0.017153
1 0.873576 0.029725 0.015450 0.018570
1 0.885660 0.016473 0.014790 0.020553
1 0.864794 0.008000 0.013732 0.015867
1 0.199156 0.723098 0.012214 0.013670
1 0.930820 0.009858 0.015844 0.019717
2 0.310156 0.595177 0.014790 0.016587
0 0.305110 0.612310 0.052452 0.038293
0 0.247432 0.181818 0.022054 0.026503
2 0.643520 0.012575 0.020252 0.020657
2 0.847018 0.372263 0.016726 0.021633
2 0.853400 0.345445 0.012984 0.014877
2 0.835848 0.697413 0.016734 0.023627
2 0.972894 0.836017 0.021076 0.020987
2 0.931846 0.929157 0.011226 0.014580
2 0.112684 0.441210 0.009446 0.011880
2 0.119742 0.448637 0.010084 0.013693
1 0.017228 0.178250 0.017034 0.021093
1 0.034130 0.161393 0.018090 0.019473
1 0.042912 0.183388 0.017168 0.023077
1 0.055456 0.162475 0.015582 0.019470
1 0.072690 0.163285 0.015716 0.027943
1 0.086622 0.147600 0.016904 0.016407
1 0.094014 0.164187 0.016374 0.017487
1 0.069720 0.194837 0.020600 0.022173
1 0.098638 0.220798 0.018222 0.021457
1 0.220972 0.316235 0.018340 0.023537
1 0.050108 0.415822 0.017166 0.017310
1 0.149542 0.437457 0.016110 0.015867
1 0.026728 0.713982 0.009170 0.011517
1 0.079766 0.884422 0.017166 0.023257
1 0.116674 0.894067 0.009376 0.010820
1 0.225274 0.890243 0.012148 0.012260
1 0.425090 0.917362 0.016414 0.018657
1 0.526520 0.823645 0.015844 0.019110
1 0.381154 0.714407 0.016324 0.020533
1 0.448048 0.675895 0.015856 0.017650
1 0.336490 0.414872 0.012546 0.013823
1 0.483310 0.089453 0.014214 0.014147
1 0.451318 0.273583 0.014526 0.019833