1 0.102088 0.644925 0.016726 0.020883
5 0.487144 0.407775 0.034418 0.042837
2 0.495554 0.946917 0.015518 0.021033
2 0.412746 0.925657 0.014966 0.016073
2 0.374068 0.891100 0.015076 0.022087
2 0.093106 0.912780 0.014736 0.016660
2 0.131612 0.862802 0.010932 0.013197
2 0.005788 0.859880 0.011578 0.013847
2 0.097884 0.814867 0.011884 0.019233
2 0.107952 0.789475 0.021018 0.021337
2 0.034760 0.626980 0.007446 0.009520
2 0.096060 0.574540 0.009554 0.012213
2 0.194962 0.492607 0.014856 0.018780
2 0.118378 0.429225 0.010820 0.014650
2 0.294952 0.279897 0.010268 0.011527
2 0.200256 0.173347 0.017114 0.024613
2 0.107386 0.104650 0.014374 0.016200
2 0.119196 0.020133 0.009888 0.013240
2 0.266282 0.019225 0.010458 0.011423
2 0.289194 0.096723 0.016734 0.022067
2 0.374628 0.333153 0.011408 0.013413
2 0.320922 0.795343 0.010432 0.009913
2 0.293520 0.781642 0.012412 0.013883
2 0.368526 0.677160 0.010188 0.012953
2 0.360408 0.677552 0.012798 0.015130
2 0.356078 0.698680 0.008596 0.012693
2 0.354866 0.666552 0.009998 0.011217
2 0.538346 0.818617 0.010242 0.014920
2 0.503226 0.679782 0.010454 0.013823
2 0.720566 0.989648 0.011006 0.012897
2 0.673304 0.991400 0.009262 0.008640
0 0.813720 0.587517 0.010142 0.016873
2 0.934116 0.438955 0.017056 0.021337
2 0.764554 0.354778 0.016158 0.021683
2 0.628876 0.348612 0.016428 0.015330
2 0.602042 0.530305 0.017524 0.025050
2 0.673494 0.232532 0.017304 0.020250
2 0.744512 0.110608 0.012678 0.018030
2 0.728086 0.044532 0.012544 0.015323
2 0.738638 0.012980 0.012016 0.017487
2 0.727228 0.008923 0.013732 0.016587
2 0.616556 0.121985 0.012546 0.012803
2 0.611340 0.135508 0.010830 0.014963
2 0.593714 0.170752 0.011496 0.013697
2 0.470442 0.087385 0.019258 0.018930
1 0.559902 0.687623 0.015608 0.018320
1 0.662310 0.681455 0.013418 0.017943
1 0.670424 0.673685 0.015406 0.016650
1 0.751208 0.662802 0.014262 0.020510
1 0.637460 0.915185 0.010432 0.011177
1 0.789898 0.596642 0.012942 0.015143
1 0.755656 0.506745 0.013144 0.019617
1 0.818620 0.071413 0.016242 0.020013
1 0.686620 0.226255 0.014196 0.018630
1 0.517828 0.259332 0.017114 0.016010
1 0.399798 0.154318 0.013692 0.018690
1 0.043032 0.141660 0.015688 0.015793
1 0.015380 0.378043 0.019014 0.025313
1 0.116130 0.446715 0.011884 0.013197
1 0.187436 0.393710 0.011884 0.016227
1 0.184426 0.334105 0.014102 0.016010
1 0.253040 0.351628 0.010300 0.009950
1 0.288614 0.331075 0.013310 0.017310
1 0.379334 0.356172 0.015054 0.018603
1 0.320228 0.419780 0.011250 0.014280
1 0.479566 0.468058 0.011092 0.014603
1 0.401262 0.569202 0.012148 0.013523
1 0.092074 0.738813 0.013312 0.017727
1 0.169156 0.972795 0.011846 0.014503