1 0.112132 0.503150 0.019624 0.021187
5 0.139104 0.551488 0.115264 0.137990
2 0.084382 0.694633 0.019396 0.022847
2 0.214476 0.879000 0.016976 0.019813
2 0.293062 0.907600 0.015334 0.021687
2 0.324142 0.897132 0.012868 0.020190
0 0.279908 0.751567 0.023660 0.026020
0 0.318188 0.862602 0.045674 0.061463
2 0.334166 0.688088 0.018064 0.024663
2 0.380658 0.662775 0.016354 0.020250
2 0.372196 0.622925 0.016546 0.019990
1 0.407850 0.583332 0.021678 0.024403
2 0.505350 0.742730 0.022674 0.032300
2 0.522600 0.607693 0.020372 0.022433
2 0.611564 0.664902 0.018486 0.018390
2 0.619620 0.651200 0.012678 0.013340
2 0.612226 0.639300 0.013996 0.015507
2 0.618696 0.629835 0.011884 0.013523
2 0.596330 0.845938 0.019016 0.020770
2 0.589864 0.811800 0.018254 0.022587
2 0.673234 0.996747 0.013918 0.006507
2 0.683212 0.864667 0.021688 0.026467
2 0.709006 0.906837 0.020700 0.020187
0 0.809388 0.954392 0.019714 0.025570
2 0.745150 0.784587 0.028586 0.029607
2 0.757472 0.678710 0.021028 0.024227
2 0.927724 0.956537 0.019440 0.019813
2 0.939360 0.887748 0.026836 0.031030
2 0.685446 0.601225 0.012046 0.015703
2 0.720902 0.647677 0.018024 0.019940
2 0.823516 0.581505 0.016656 0.019317
2 0.887292 0.631197 0.020538 0.020873
2 0.952896 0.560320 0.018028 0.018693
2 0.784034 0.377703 0.010088 0.017153
2 0.794350 0.371820 0.012380 0.021160
2 0.678126 0.389160 0.018616 0.022913
2 0.457988 0.509120 0.008278 0.015940
2 0.465308 0.508868 0.007854 0.025143
2 0.350238 0.403822 0.022376 0.024290
2 0.264764 0.285100 0.018710 0.024613
2 0.356950 0.288838 0.017800 0.022743
2 0.307464 0.188237 0.014368 0.020973
2 0.319692 0.198202 0.013142 0.018363
2 0.455192 0.152000 0.025192 0.037013
2 0.048562 0.063058 0.013628 0.015577
2 0.011368 0.187330 0.022734 0.029640
2 0.915722 0.039778 0.022344 0.021637
1 0.193064 0.830735 0.020810 0.025423
1 0.242078 0.683063 0.016978 0.019440
1 0.325482 0.954893 0.018254 0.020873
1 0.660594 0.851690 0.010928 0.011687
1 0.659484 0.861915 0.013908 0.010643
1 0.604374 0.764205 0.015186 0.018330
1 0.704196 0.729587 0.021734 0.026293
1 0.648404 0.620842 0.021900 0.024790
1 0.701444 0.592227 0.021018 0.036647
1 0.690334 0.512770 0.031560 0.042187
1 0.770838 0.520698 0.015312 0.018783
1 0.898946 0.433518 0.031524 0.039997
1 0.821622 0.359747 0.031490 0.041747
1 0.885094 0.681268 0.024974 0.025570
1 0.925018 0.740712 0.026616 0.029610
1 0.484978 0.592843 0.017084 0.020187
1 0.456884 0.531382 0.014788 0.019290
1 0.442426 0.494368 0.013472 0.020637
1 0.475942 0.495940 0.015444 0.022880
1 0.388384 0.434072 0.021348 0.025390
1 0.097844 0.104435 0.017684 0.020770
1 0.265654 0.035893 0.019016 0.022847
1 0.285876 0.286160 0.018356 0.024700
1 0.301656 0.313565 0.017958 0.026143
1 0.440136 0.227053 0.040312 0.050627
1 0.610988 0.316040 0.039102 0.047553
1 0.529500 0.265345 0.041072 0.051143
1 0.611810 0.224522 0.030886 0.042170
1 0.749980 0.221157 0.022670 0.038133
1 0.821382 0.125600 0.025630 0.034993
1 0.800024 0.032688 0.029572 0.032303
1 0.875598 0.114338 0.019716 0.033197
1 0.894490 0.107205 0.020700 0.033197
2 0.388096 0.484987 0.030120 0.031153
1 0.341890 0.479847 0.027154 0.032713