2 0.345244 0.496950 0.018028 0.022120
5 0.063216 0.086728 0.049250 0.053223
1 0.042300 0.119568 0.019584 0.016617
1 0.011876 0.092050 0.016162 0.017133
1 0.097634 0.143065 0.016542 0.015317
1 0.101724 0.159550 0.016734 0.013500
2 0.439850 0.453227 0.032326 0.033533
1 0.392628 0.481245 0.015848 0.019470
1 0.370682 0.485355 0.022978 0.020770
1 0.316250 0.540200 0.022818 0.020120
2 0.330868 0.512995 0.016658 0.016203
0 0.772768 0.371772 0.023960 0.027417
1 0.643844 0.425490 0.040218 0.047160
1 0.621606 0.362502 0.030754 0.028423
2 0.741434 0.479302 0.020916 0.019470
2 0.812742 0.521360 0.022818 0.025700