1 0.317448 0.061557 0.020112 0.020807
2 0.333296 0.185123 0.015850 0.020807
1 0.246550 0.428933 0.023276 0.028600
1 0.346536 0.415933 0.031108 0.038427
1 0.660386 0.476510 0.025644 0.034673
0 0.651370 0.374817 0.026412 0.031553
1 0.655054 0.337893 0.014980 0.025653
1 0.930130 0.273820 0.017192 0.024480
2 0.868554 0.322877 0.016016 0.020260
2 0.906982 0.251850 0.021162 0.026687
2 0.976988 0.065330 0.018126 0.025247
1 0.928002 0.711723 0.022246 0.031207
2 0.613278 0.423877 0.023872 0.024967
3 0.393768 0.271867 0.103706 0.088120
0 0.373256 0.655587 0.047998 0.088413
0 0.410840 0.669107 0.044444 0.069000
0 0.110022 0.471493 0.057290 0.066573
0 0.266570 0.637050 0.042534 0.050273
0 0.297686 0.820720 0.028046 0.031267
0 0.307728 0.839113 0.029516 0.026587
0 0.311526 0.862017 0.039556 0.032273
0 0.641456 0.959020 0.055948 0.081960
0 0.894244 0.814190 0.043516 0.050927
1 0.050318 0.096910 0.021456 0.026887
1 0.211176 0.239043 0.017988 0.023353
2 0.236940 0.260037 0.017808 0.022633
2 0.847456 0.783450 0.027510 0.035633
0 0.955428 0.662840 0.023462 0.028293
0 0.972100 0.936027 0.030860 0.049560
0 0.840638 0.196400 0.049106 0.057187
0 0.133760 0.017887 0.043056 0.035773
0 0.221406 0.161683 0.030860 0.035153
0 0.237348 0.236897 0.029024 0.029767
0 0.383382 0.209433 0.037456 0.044493
0 0.797312 0.452203 0.031744 0.039873
2 0.629404 0.736680 0.022344 0.029120
2 0.273340 0.933660 0.021796 0.025720
2 0.126372 0.819927 0.016220 0.019987
2 0.116320 0.531047 0.026666 0.032587
2 0.331636 0.632633 0.020566 0.024267
2 0.366680 0.506777 0.017012 0.022193
2 0.526680 0.514867 0.024688 0.029133
2 0.880192 0.845233 0.017924 0.020267
2 0.912612 0.892043 0.017676 0.021220
2 0.808220 0.024120 0.024126 0.027160
2 0.782344 0.068503 0.020722 0.029127
2 0.611926 0.040410 0.020278 0.023273
2 0.492670 0.082547 0.021894 0.024080
2 0.295500 0.294003 0.022924 0.030300
1 0.467070 0.032640 0.026816 0.033707