1 0.796282 0.166698 0.030556 0.039477
0 0.711160 0.935578 0.026470 0.031777
0 0.538934 0.698725 0.027600 0.034543
0 0.882174 0.340092 0.027272 0.043070
2 0.860652 0.364318 0.015772 0.014357
2 0.827712 0.705177 0.015882 0.023927
2 0.887956 0.542422 0.016758 0.017497
1 0.900298 0.578825 0.035488 0.040377
1 0.948206 0.562673 0.053230 0.060833
2 0.863068 0.456332 0.014416 0.015477
1 0.901756 0.104115 0.035158 0.045310
2 0.785736 0.168948 0.007658 0.013523
2 0.685926 0.252543 0.017114 0.017133
2 0.604542 0.225023 0.012548 0.015060
2 0.686174 0.304167 0.009582 0.012773
2 0.520950 0.213820 0.016428 0.019440
2 0.479346 0.384390 0.013234 0.017447
2 0.297426 0.688813 0.017874 0.023107
2 0.101472 0.676975 0.011030 0.016097
2 0.146348 0.630112 0.017114 0.021030
2 0.140816 0.461855 0.013946 0.020337
2 0.164046 0.286437 0.012202 0.015360
2 0.109772 0.301257 0.015210 0.018607
2 0.144222 0.196677 0.013074 0.013880
2 0.135440 0.184597 0.012678 0.014967
2 0.285848 0.059420 0.012016 0.016767
2 0.319848 0.057437 0.018222 0.025780
2 0.663284 0.606873 0.014194 0.015613
2 0.614390 0.604988 0.022082 0.024763
2 0.405460 0.942113 0.011408 0.020553
2 0.415522 0.937028 0.009350 0.019037
1 0.745820 0.351207 0.012214 0.014873
1 0.755942 0.355563 0.009794 0.010367
1 0.754238 0.365480 0.007702 0.010067
1 0.762048 0.368860 0.009244 0.018933
2 0.698918 0.126922 0.026438 0.025663
2 0.766044 0.052330 0.059488 0.060913
2 0.870560 0.087158 0.018176 0.023970
1 0.141050 0.376005 0.052110 0.068223
1 0.079838 0.223475 0.060320 0.084790
1 0.136104 0.867920 0.027208 0.035533