1 0.872896 0.386198 0.039248 0.055143
0 0.520182 0.872265 0.152790 0.190217
0 0.974720 0.041977 0.032706 0.037387
0 0.189864 0.704523 0.024246 0.027260
1 0.047316 0.515967 0.025630 0.027813
1 0.132092 0.805778 0.035486 0.055630
1 0.062432 0.819013 0.051914 0.065053
1 0.425520 0.717558 0.046094 0.056077
1 0.355240 0.649332 0.035140 0.042370
1 0.369158 0.577207 0.020994 0.026480
1 0.369616 0.559605 0.029666 0.038630
1 0.316938 0.367915 0.015898 0.031630
1 0.324968 0.362017 0.016638 0.027047
0 0.434904 0.481632 0.033132 0.039630
2 0.472006 0.632857 0.032312 0.039253
1 0.618754 0.608397 0.041678 0.051060
1 0.751528 0.510607 0.026148 0.035480
1 0.786706 0.527698 0.036290 0.052357
1 0.751160 0.450158 0.032402 0.041437
1 0.708978 0.869550 0.026518 0.039513
1 0.830188 0.953912 0.034864 0.044783
1 0.776576 0.246887 0.040798 0.061313
1 0.153516 0.053387 0.042714 0.055180
2 0.275256 0.016487 0.028586 0.032973
2 0.207338 0.611163 0.025300 0.030507
2 0.045232 0.930120 0.021260 0.029927
2 0.349646 0.883628 0.027622 0.036810
2 0.747258 0.626773 0.013008 0.018380
2 0.913824 0.811940 0.044370 0.062093
2 0.579260 0.203297 0.038608 0.046360
2 0.823288 0.232368 0.025618 0.027583
2 0.517454 0.089732 0.034226 0.038010
2 0.616472 0.016975 0.029854 0.030897