1 0.978226 0.444240 0.008276 0.010433
1 0.915278 0.348140 0.015502 0.018333
1 0.853780 0.264958 0.014102 0.018390
1 0.805606 0.378412 0.006878 0.009890
1 0.608904 0.491412 0.010214 0.011350
1 0.595688 0.478115 0.011782 0.017477
1 0.483958 0.482588 0.011666 0.014423
1 0.379444 0.398758 0.011146 0.013217
1 0.143052 0.660015 0.017432 0.016657
1 0.179074 0.264628 0.009354 0.011570
1 0.307298 0.320780 0.019534 0.022413
1 0.200224 0.211847 0.017958 0.017840
1 0.269146 0.192492 0.010468 0.014190
1 0.273488 0.027665 0.009812 0.014023
1 0.476158 0.342213 0.012840 0.016527
1 0.636060 0.095502 0.011386 0.014297
1 0.716308 0.275545 0.010178 0.012270
1 0.770472 0.154542 0.022050 0.034077
1 0.874776 0.087377 0.014262 0.018173
1 0.432552 0.009390 0.014642 0.018693
1 0.890700 0.024092 0.012836 0.019257
2 0.065560 0.027977 0.021524 0.024340
0 0.725522 0.181155 0.036130 0.045950
2 0.778240 0.200267 0.016482 0.022500
2 0.334900 0.884285 0.021552 0.027043
1 0.258830 0.516872 0.019778 0.019990
1 0.246280 0.542963 0.023580 0.023367
1 0.215740 0.445317 0.015582 0.016407
1 0.121998 0.426387 0.014262 0.017127
1 0.091824 0.417283 0.017828 0.020553
1 0.046452 0.474615 0.015848 0.018390
1 0.062430 0.515993 0.008716 0.012800
1 0.024708 0.620428 0.015376 0.018843
1 0.124464 0.626888 0.010646 0.012383
1 0.233094 0.701182 0.015774 0.020997
1 0.090752 0.773052 0.021294 0.029070
2 0.022342 0.830117 0.020898 0.030147
1 0.259512 0.981663 0.014982 0.016687
1 0.356952 0.970817 0.012322 0.016200
1 0.432024 0.969227 0.017344 0.020560
1 0.420386 0.928445 0.011866 0.016823
1 0.414682 0.897603 0.014148 0.018693
1 0.568554 0.848493 0.015114 0.018393
1 0.575124 0.808340 0.015114 0.022433
1 0.633118 0.903000 0.012814 0.013460
1 0.739088 0.832567 0.013142 0.019740
1 0.488704 0.742977 0.021106 0.020253
1 0.473874 0.718573 0.021486 0.022847
1 0.443638 0.695467 0.013880 0.014540
0 0.376208 0.691545 0.019676 0.031010
1 0.774830 0.691732 0.010178 0.014023
1 0.881774 0.776345 0.019168 0.022790
1 0.722456 0.729057 0.019854 0.024613
1 0.814586 0.629147 0.014188 0.021173
1 0.865044 0.623367 0.009462 0.013820
1 0.478664 0.021202 0.019014 0.019990
1 0.879404 0.622015 0.009354 0.013223
1 0.873792 0.607667 0.010674 0.013373
1 0.879128 0.596548 0.014526 0.017877
1 0.925478 0.580990 0.017514 0.020787
1 0.845036 0.572028 0.009808 0.009650
1 0.973540 0.543860 0.008554 0.015140
1 0.990524 0.529993 0.016966 0.023913