1 0.781298 0.062553 0.015430 0.025367
0 0.212554 0.753167 0.036736 0.038320
1 0.247924 0.727153 0.019396 0.026793
1 0.807018 0.073733 0.017532 0.021927
1 0.240506 0.828560 0.013234 0.019007
1 0.316264 0.788215 0.014148 0.019317
1 0.373310 0.853485 0.015058 0.019003
1 0.402974 0.858780 0.011866 0.014640
2 0.406296 0.876712 0.015474 0.015130
0 0.370794 0.295808 0.022674 0.026470
1 0.383446 0.278983 0.018400 0.019740
1 0.412360 0.276068 0.023658 0.027363
1 0.426160 0.250497 0.018400 0.022880
1 0.415976 0.327885 0.024974 0.027817
1 0.321672 0.233898 0.021028 0.021983
4 0.782398 0.732947 0.086708 0.080380
1 0.583182 0.173730 0.021788 0.026293
1 0.635616 0.160208 0.023660 0.023590
1 0.622742 0.183572 0.022778 0.023137
1 0.766760 0.067570 0.014278 0.018773