2 0.440258 0.023922 0.008068 0.009890
0 0.553482 0.784988 0.077788 0.096903
0 0.611092 0.064130 0.054490 0.080753
1 0.717830 0.995785 0.011884 0.008430
1 0.752272 0.980977 0.008584 0.010367
1 0.734134 0.915533 0.010178 0.013147
1 0.852786 0.996292 0.011370 0.007417
1 0.884516 0.995917 0.010638 0.008167
1 0.980874 0.885797 0.009902 0.012020
1 0.986320 0.856350 0.012656 0.015627
1 0.812558 0.818388 0.010086 0.010890
1 0.849136 0.748762 0.013206 0.016777
1 0.821376 0.553855 0.013732 0.018570
1 0.883134 0.281185 0.014526 0.018030
1 0.855918 0.194925 0.021074 0.022717
1 0.976824 0.185297 0.017588 0.024233
1 0.856314 0.171558 0.019016 0.023150
1 0.856394 0.118012 0.017906 0.019903
1 0.703974 0.010730 0.017388 0.020433
1 0.577272 0.019008 0.015516 0.018930
1 0.557460 0.124787 0.015498 0.020033
1 0.391258 0.177037 0.017828 0.021333
1 0.414424 0.277755 0.017696 0.018390
1 0.361550 0.357623 0.012808 0.018027
1 0.313464 0.225213 0.014266 0.016260
1 0.326346 0.171597 0.017036 0.020733
1 0.322030 0.126600 0.014524 0.016527
1 0.286044 0.058735 0.017824 0.022177
1 0.223188 0.132420 0.019938 0.023260
1 0.268482 0.016222 0.012544 0.014423
1 0.086430 0.028700 0.017604 0.021933
1 0.083060 0.374505 0.017790 0.020283
1 0.132396 0.444465 0.015512 0.019197
1 0.212922 0.360830 0.013536 0.017727
1 0.212482 0.302460 0.013316 0.015773
1 0.579166 0.394740 0.012544 0.015773
1 0.558094 0.475195 0.013536 0.015023
1 0.496306 0.477068 0.015054 0.017737
1 0.398630 0.639510 0.016736 0.019200
1 0.175816 0.619197 0.013220 0.016693
1 0.212840 0.570367 0.011462 0.014607
1 0.198016 0.870782 0.016888 0.017737
1 0.122358 0.793070 0.019334 0.023367
1 0.146602 0.805403 0.032958 0.047600
1 0.201558 0.789247 0.029206 0.032400
1 0.085412 0.895670 0.024644 0.027727
1 0.197006 0.959575 0.019174 0.023150
1 0.343664 0.939130 0.024402 0.032020
1 0.429468 0.917927 0.017590 0.022067
1 0.545700 0.898327 0.017114 0.017307
1 0.575412 0.874637 0.014104 0.020553
2 0.595060 0.892160 0.010300 0.013633