1 0.278596 0.164607 0.042978 0.057067
0 0.760914 0.703003 0.029886 0.057427
0 0.060674 0.155842 0.029336 0.051683
0 0.554588 0.140695 0.035816 0.048450
0 0.360722 0.589725 0.038116 0.045310
1 0.338940 0.333175 0.034068 0.041343
1 0.549970 0.236272 0.035014 0.050390
1 0.615030 0.513415 0.045896 0.068477
1 0.567858 0.372450 0.040600 0.050900
1 0.879472 0.093435 0.036670 0.040377
1 0.933294 0.110663 0.021292 0.031760
1 0.906862 0.256573 0.026616 0.034993
1 0.944610 0.674103 0.044162 0.061373
1 0.932624 0.807560 0.020506 0.030147
1 0.937670 0.889067 0.020346 0.021967
1 0.894218 0.931703 0.022476 0.032300
1 0.862084 0.738435 0.022868 0.029070
1 0.813780 0.958245 0.016560 0.019383
1 0.807408 0.633162 0.024416 0.031463
1 0.822696 0.621792 0.013006 0.016823
1 0.886392 0.503723 0.016758 0.021087
1 0.884584 0.457065 0.041402 0.049797
1 0.762482 0.243340 0.042388 0.060113
1 0.671464 0.123108 0.022670 0.032303
1 0.012304 0.070447 0.012868 0.019067
1 0.136482 0.219990 0.018072 0.024300
2 0.208742 0.037137 0.019714 0.025793
1 0.332646 0.155088 0.028204 0.035890
1 0.415038 0.286588 0.023660 0.037237
1 0.464162 0.232080 0.016758 0.021533
1 0.499320 0.286138 0.022014 0.026470
1 0.077780 0.334295 0.028392 0.038223
1 0.116618 0.460268 0.031150 0.040377
1 0.302530 0.387592 0.021292 0.024223
1 0.035392 0.562017 0.018532 0.026380
1 0.129316 0.637233 0.029854 0.032713
1 0.286562 0.759725 0.013964 0.021683
1 0.214686 0.840103 0.017524 0.019440
1 0.266708 0.908145 0.024644 0.035890
1 0.354880 0.908893 0.027930 0.047853
1 0.460848 0.844217 0.014788 0.020187
1 0.512464 0.888332 0.024916 0.030657
1 0.536834 0.813187 0.019444 0.023927
2 0.382592 0.647455 0.026014 0.030283
1 0.352776 0.535742 0.026010 0.028663