4 0.719290 0.203705 0.076888 0.115297
4 0.675392 0.625637 0.044358 0.056527
2 0.537172 0.689622 0.017686 0.019470
1 0.520438 0.806840 0.015402 0.019213
1 0.599922 0.794378 0.013500 0.015057
0 0.896866 0.135147 0.022344 0.021853
0 0.285870 0.417382 0.051800 0.060750
1 0.503942 0.939362 0.011752 0.013703
1 0.495096 0.956760 0.013602 0.017127
1 0.509226 0.954145 0.012016 0.015503
1 0.519196 0.944228 0.013206 0.018030
1 0.520516 0.960275 0.009510 0.014423
1 0.531608 0.960635 0.013206 0.018390
1 0.521242 0.975240 0.012280 0.015867
1 0.509028 0.974700 0.013206 0.016587
4 0.900834 0.279972 0.081818 0.093763