1 0.839230 0.160285 0.023122 0.026030
0 0.756650 0.701050 0.052106 0.056393
0 0.812240 0.438567 0.031242 0.040007
0 0.813564 0.477127 0.041304 0.034707
0 0.938024 0.866752 0.027182 0.029403
0 0.932200 0.880850 0.028950 0.025307
0 0.906868 0.897478 0.027712 0.035430
0 0.928934 0.910372 0.025594 0.036150
0 0.870278 0.313395 0.018710 0.020250
0 0.298586 0.339010 0.027358 0.032773
2 0.026008 0.428642 0.012060 0.014663
2 0.180810 0.638107 0.018876 0.018240
2 0.197824 0.892780 0.015688 0.019247
2 0.206344 0.902570 0.015812 0.018073
2 0.186486 0.906755 0.019736 0.026777
2 0.488130 0.954733 0.024146 0.026607
2 0.945878 0.822672 0.019946 0.020243
2 0.961766 0.784473 0.017828 0.019040
2 0.928140 0.774112 0.015180 0.016630
2 0.662746 0.649602 0.014606 0.017157
2 0.667752 0.640817 0.015014 0.015760
2 0.503908 0.553548 0.027536 0.027717
1 0.867258 0.017617 0.022946 0.030327
2 0.738476 0.476920 0.018850 0.020533
2 0.794290 0.447710 0.019062 0.022267
2 0.801960 0.264712 0.024402 0.026650
2 0.696882 0.082932 0.019216 0.022070
2 0.340968 0.281822 0.021360 0.031570
1 0.836280 0.807333 0.019566 0.020887
1 0.590444 0.731997 0.017774 0.021927
1 0.162464 0.694917 0.026690 0.028053
1 0.099024 0.619582 0.028596 0.041643
1 0.047892 0.497713 0.030290 0.038753
1 0.254422 0.487223 0.020828 0.020727
1 0.266338 0.513493 0.029478 0.028440
1 0.242862 0.463607 0.022416 0.027953
1 0.263964 0.169413 0.018002 0.034413
1 0.174622 0.018642 0.031186 0.037283
1 0.411142 0.009347 0.026352 0.018693
1 0.291236 0.239958 0.023242 0.024903
1 0.438270 0.315512 0.018808 0.017003
1 0.482624 0.261893 0.021604 0.028460
1 0.512616 0.279767 0.025164 0.030887
1 0.474638 0.579063 0.021394 0.026607
1 0.643542 0.299445 0.019124 0.022090
1 0.847366 0.568250 0.021712 0.022413
1 0.975506 0.581617 0.028242 0.030127