1 0.828062 0.485763 0.028906 0.044033
1 0.317254 0.228403 0.031372 0.037193
1 0.369562 0.424170 0.029926 0.034753
1 0.043870 0.501100 0.023394 0.031933
0 0.687586 0.402573 0.034340 0.041000
0 0.580416 0.864380 0.021982 0.027520
2 0.807120 0.989677 0.033242 0.020647
2 0.894212 0.982743 0.030660 0.034513
2 0.984460 0.852137 0.023794 0.029353
2 0.963820 0.760553 0.013472 0.017613
2 0.793256 0.849203 0.028378 0.035220
2 0.902972 0.363613 0.019908 0.027933
2 0.647636 0.221620 0.038018 0.048507
2 0.908738 0.024297 0.040806 0.046433
2 0.070840 0.944883 0.019492 0.018687
2 0.486474 0.104290 0.014160 0.021020
1 0.315760 0.010870 0.029722 0.021740
2 0.490328 0.091987 0.021290 0.024160
2 0.167746 0.365723 0.019576 0.026953
2 0.367446 0.727010 0.023506 0.033660
2 0.189432 0.882783 0.036118 0.043833
1 0.171226 0.986597 0.030098 0.026807
1 0.778552 0.898083 0.035034 0.045660
0 0.703694 0.531450 0.033754 0.031460
1 0.735432 0.514307 0.026264 0.042787
1 0.292480 0.178983 0.026748 0.045313
0 0.462520 0.547927 0.021290 0.030760
1 0.412552 0.580107 0.018940 0.020760
0 0.434402 0.625047 0.024722 0.033067
1 0.833746 0.288763 0.034160 0.051207
1 0.889216 0.471577 0.037504 0.053487
1 0.713904 0.610967 0.024370 0.035707
0 0.380518 0.095960 0.038818 0.050280
0 0.705022 0.142230 0.034838 0.036047
1 0.839072 0.092483 0.042764 0.039460
1 0.709150 0.444997 0.025556 0.028407
0 0.912952 0.842070 0.035834 0.044620