1 0.709488 0.363917 0.019228 0.025847
1 0.724468 0.363408 0.018782 0.024830
1 0.609100 0.226985 0.024470 0.021690
1 0.603520 0.208360 0.026186 0.021427
1 0.606312 0.190498 0.021464 0.026083
1 0.615328 0.177895 0.022324 0.024323
1 0.558232 0.048413 0.013416 0.016080
1 0.624490 0.037118 0.013266 0.019130
1 0.673674 0.036087 0.022566 0.027560
1 0.230218 0.162142 0.014810 0.017277
1 0.257032 0.380543 0.022862 0.022613
1 0.260466 0.538672 0.015036 0.017257
1 0.286076 0.554928 0.013112 0.014370
1 0.357504 0.612452 0.025018 0.023203
1 0.506854 0.701722 0.029710 0.029257
1 0.619034 0.685768 0.016976 0.015143
1 0.622692 0.671480 0.017888 0.021247
1 0.595332 0.697980 0.023594 0.033213
1 0.600512 0.656950 0.027190 0.028820
1 0.339462 0.942960 0.025044 0.026867
1 0.063298 0.694973 0.011926 0.017807
1 0.591348 0.890392 0.015156 0.021710
1 0.562218 0.865458 0.019504 0.024083
1 0.533522 0.860032 0.018220 0.019223
1 0.684494 0.889943 0.031840 0.035167
0 0.476208 0.341357 0.021646 0.023933
2 0.651580 0.491483 0.018858 0.016880
2 0.600578 0.511108 0.028128 0.023210
2 0.713400 0.503933 0.021946 0.028273
2 0.774448 0.504355 0.015456 0.024897
2 0.899786 0.434628 0.016528 0.019343
2 0.883256 0.395795 0.015240 0.016703
2 0.937564 0.391107 0.021252 0.030773
2 0.954340 0.308630 0.016260 0.021247
2 0.982524 0.265157 0.020034 0.031507
2 0.828112 0.159882 0.019834 0.026377
2 0.982370 0.011713 0.030764 0.023427
2 0.627990 0.173205 0.020176 0.024323
2 0.633464 0.153863 0.019532 0.024327
2 0.669204 0.164853 0.019746 0.024033
2 0.675000 0.149612 0.017602 0.026377
2 0.657398 0.140090 0.020608 0.022567
2 0.641514 0.126460 0.019746 0.024033
2 0.623698 0.130270 0.017170 0.022860
2 0.609744 0.132030 0.019748 0.023447
2 0.639546 0.009187 0.021762 0.018373
2 0.529312 0.063047 0.021316 0.017300
2 0.509412 0.080367 0.017588 0.017707
2 0.171760 0.086802 0.016382 0.020677
2 0.141778 0.187667 0.012056 0.013927
2 0.067748 0.116555 0.016692 0.020257
2 0.081402 0.279025 0.014610 0.015263
2 0.155428 0.389662 0.022510 0.025643
2 0.083114 0.565838 0.024686 0.025497
2 0.051452 0.632658 0.017172 0.016117
2 0.199348 0.560270 0.024042 0.029600
2 0.836760 0.708683 0.024744 0.014653
2 0.833182 0.721710 0.022656 0.021573
2 0.536912 0.469007 0.019318 0.021687
2 0.481790 0.383275 0.017310 0.018990
2 0.526288 0.274963 0.019104 0.018460
2 0.198328 0.822943 0.026534 0.033380
2 0.081832 0.846958 0.016546 0.016283
2 0.071324 0.851742 0.016696 0.018930
2 0.305498 0.797588 0.021142 0.019750
2 0.422004 0.990838 0.022624 0.018323
2 0.393912 0.751763 0.018032 0.021687
2 0.449828 0.744583 0.016102 0.020220
2 0.567946 0.705140 0.017880 0.026453
2 0.565044 0.677260 0.018038 0.022387