1 0.834860 0.410697 0.045896 0.052327
4 0.090340 0.768270 0.097944 0.140187
1 0.103824 0.528918 0.036906 0.043930
0 0.243172 0.270187 0.049682 0.054913
1 0.468246 0.509570 0.023660 0.025840
1 0.527194 0.425048 0.031150 0.043070
1 0.557556 0.444428 0.016166 0.016150
1 0.545136 0.467040 0.027600 0.025840
1 0.549670 0.491805 0.019318 0.018303
1 0.568990 0.501495 0.017744 0.018303
1 0.539220 0.555598 0.026814 0.029610
1 0.516154 0.510645 0.033516 0.037683
1 0.473964 0.561252 0.027996 0.026917
1 0.441236 0.393017 0.033514 0.034993
1 0.420340 0.334337 0.038248 0.045760
1 0.467102 0.214800 0.048858 0.055713
1 0.577834 0.228923 0.032464 0.034307
1 0.177228 0.132987 0.050862 0.055940
1 0.309218 0.283373 0.044358 0.052713
1 0.681082 0.235623 0.029810 0.035533
1 0.739754 0.331235 0.023184 0.022610
1 0.773112 0.317345 0.032176 0.041343
1 0.927598 0.365473 0.023186 0.027780
1 0.726978 0.361598 0.035486 0.029070
1 0.730290 0.388407 0.045898 0.027133
1 0.827762 0.681057 0.026970 0.034887
1 0.613892 0.576723 0.026970 0.027780