0 0.301300 0.589947 0.037458 0.041453
0 0.387650 0.759795 0.032728 0.038763
0 0.804246 0.716910 0.039746 0.054267
1 0.525418 0.306440 0.015058 0.016513
1 0.484230 0.453490 0.015288 0.015267
1 0.486512 0.416883 0.013006 0.015580
1 0.433916 0.424360 0.012778 0.014953
4 0.506022 0.365478 0.060696 0.067917
4 0.297348 0.485890 0.072334 0.078820
4 0.027270 0.606895 0.042670 0.052963
1 0.155794 0.077723 0.012234 0.014360
1 0.144526 0.088273 0.015026 0.016120
1 0.061296 0.167713 0.014030 0.016027
2 0.736196 0.092013 0.014764 0.017053
2 0.033552 0.368382 0.025552 0.022483
1 0.076990 0.739615 0.019396 0.027417
1 0.059308 0.836662 0.018254 0.020250
1 0.083580 0.200955 0.012564 0.016903
1 0.046042 0.856773 0.025552 0.027133
1 0.228872 0.660642 0.034634 0.034883
1 0.716324 0.436213 0.029526 0.035660
1 0.695340 0.591873 0.015402 0.022847
1 0.558146 0.595223 0.019394 0.021807
1 0.417148 0.758032 0.021108 0.030637