1 0.406666 0.961710 0.048262 0.058140
1 0.653658 0.754660 0.028388 0.036827
1 0.256600 0.371293 0.029576 0.044867
0 0.033484 0.210773 0.028980 0.038947
2 0.123886 0.537690 0.031230 0.047287
1 0.010416 0.486137 0.020830 0.051167
1 0.048652 0.402023 0.045420 0.055047
1 0.113382 0.407837 0.042016 0.057367
1 0.193740 0.532307 0.036142 0.046653
1 0.079034 0.815033 0.037460 0.045760
1 0.951352 0.409097 0.033956 0.044487
2 0.990234 0.390033 0.018624 0.030280
1 0.785416 0.406297 0.019990 0.032153
2 0.813072 0.311150 0.021630 0.033273
1 0.672330 0.420570 0.024414 0.030847
2 0.631282 0.393977 0.019322 0.025847
2 0.589092 0.451580 0.027208 0.035533
1 0.761238 0.088927 0.040522 0.055333
1 0.563952 0.068590 0.038882 0.051967
2 0.611734 0.091957 0.027656 0.034393
2 0.544782 0.039430 0.031762 0.035513
2 0.430158 0.293550 0.020992 0.027727
2 0.471346 0.307260 0.017574 0.019627
2 0.572246 0.630347 0.021630 0.032147
2 0.526794 0.605673 0.046274 0.049347
1 0.405546 0.699777 0.024970 0.036340
1 0.504372 0.855763 0.042114 0.056847
0 0.454040 0.030593 0.051480 0.061187
0 0.320552 0.047730 0.055586 0.064300
0 0.313716 0.215823 0.029668 0.033647
0 0.490816 0.401510 0.028204 0.033647
0 0.430026 0.474227 0.024916 0.037760
0 0.562938 0.399960 0.048628 0.049347
0 0.595318 0.276260 0.033086 0.038013
0 0.633196 0.273270 0.030346 0.033340
0 0.602846 0.316590 0.017110 0.023393
0 0.619278 0.311433 0.019394 0.028667
0 0.085730 0.558930 0.029966 0.036607
0 0.699890 0.121367 0.028256 0.045760
1 0.836280 0.820353 0.035488 0.051680