0 0.974534 0.328152 0.016176 0.024190
2 0.363012 0.537793 0.023958 0.031413
1 0.301890 0.159560 0.045672 0.061460
1 0.287396 0.516212 0.021630 0.025423
1 0.387202 0.485367 0.023550 0.028040
1 0.294240 0.445178 0.019990 0.024677
1 0.357492 0.304048 0.029296 0.039257
1 0.212582 0.153555 0.042786 0.048030
1 0.282652 0.081378 0.020916 0.025703
1 0.505446 0.051475 0.014526 0.022537
1 0.488060 0.049522 0.020246 0.023137
1 0.462476 0.038028 0.017714 0.015777
1 0.469078 0.025183 0.013536 0.014120
1 0.526326 0.072098 0.022448 0.026143
1 0.614682 0.260685 0.021922 0.029210
1 0.956258 0.008370 0.017608 0.016740
1 0.877634 0.081310 0.019016 0.023980
1 0.877016 0.138242 0.019148 0.023590
1 0.946132 0.214190 0.015406 0.021633
1 0.775246 0.251890 0.022500 0.027047
1 0.838630 0.255547 0.023452 0.029640
1 0.914058 0.267122 0.018382 0.029423
1 0.951172 0.503907 0.027070 0.036060
1 0.738202 0.405932 0.016546 0.024923
1 0.646242 0.504675 0.020334 0.024337
1 0.887720 0.620587 0.019528 0.016013
1 0.885360 0.605660 0.017142 0.015287
1 0.787646 0.649172 0.019852 0.028037
1 0.819728 0.714147 0.015212 0.017093
1 0.921380 0.717932 0.018222 0.025097
1 0.870162 0.876147 0.015284 0.016693
1 0.759160 0.781437 0.030362 0.044147
1 0.850640 0.981430 0.033516 0.037140
1 0.176948 0.745700 0.016164 0.022587
1 0.057912 0.791653 0.019206 0.021547
1 0.046788 0.768157 0.016734 0.029080
1 0.025206 0.788277 0.018824 0.022587
1 0.014080 0.638857 0.016004 0.018173
1 0.210006 0.834233 0.022336 0.029900
1 0.238782 0.826645 0.019808 0.025843
1 0.319652 0.898177 0.017718 0.024793
1 0.307734 0.910740 0.017304 0.018173
1 0.264476 0.953188 0.016352 0.020510
1 0.208950 0.967080 0.013310 0.018173
1 0.175482 0.964093 0.019016 0.024667
2 0.488736 0.070285 0.016796 0.016877
2 0.527160 0.110418 0.025512 0.029210
2 0.545520 0.425403 0.034800 0.042060
2 0.747222 0.151590 0.013964 0.017947
2 0.671510 0.074013 0.026286 0.028040
2 0.893158 0.078378 0.012014 0.020283
2 0.909246 0.006222 0.017278 0.012443
2 0.920780 0.185505 0.020402 0.024623
2 0.871666 0.208343 0.035534 0.048827
0 0.987850 0.321840 0.014636 0.026593
2 0.813148 0.341645 0.018982 0.020910
2 0.894838 0.561533 0.013470 0.017740
2 0.992486 0.941283 0.011486 0.022500
2 0.872538 0.862343 0.015130 0.014713
2 0.825236 0.830463 0.008582 0.011900
2 0.818698 0.821268 0.011884 0.014783
2 0.620004 0.669682 0.018636 0.024663
2 0.665544 0.865308 0.015782 0.020770
2 0.382846 0.967773 0.018892 0.025667
2 0.340756 0.945990 0.013572 0.018907
2 0.315034 0.972157 0.022652 0.033680
2 0.162860 0.886060 0.016320 0.022933
2 0.046802 0.932368 0.015516 0.019317
2 0.105446 0.988913 0.016428 0.020253
2 0.239604 0.767170 0.041452 0.054780
2 0.352586 0.784217 0.016286 0.020433
2 0.463576 0.752127 0.016110 0.028307
2 0.275682 0.378415 0.015054 0.018570
2 0.264654 0.333613 0.014392 0.019833
2 0.400662 0.202597 0.020728 0.025960
2 0.057608 0.035140 0.014454 0.018433
2 0.106792 0.251763 0.027154 0.041433
2 0.006884 0.243593 0.013768 0.021187
2 0.041442 0.232550 0.013754 0.018933
2 0.021734 0.268905 0.016506 0.018930
2 0.115512 0.372290 0.012676 0.018820
2 0.151524 0.434803 0.009692 0.011320
2 0.144024 0.441873 0.010394 0.011973
2 0.024052 0.508727 0.022134 0.023367
0 0.106656 0.509662 0.031260 0.039563
2 0.171800 0.507948 0.026014 0.030530
2 0.131944 0.579118 0.015716 0.021817
2 0.185610 0.664343 0.016506 0.020733
2 0.321006 0.634953 0.022544 0.027233
2 0.340754 0.594662 0.015070 0.013623
2 0.340090 0.582488 0.014804 0.012897
2 0.345998 0.465797 0.017342 0.022120
1 0.475422 0.402868 0.019716 0.024763