2 0.507666 0.624830 0.022344 0.028780
0 0.824964 0.871277 0.036060 0.045073
0 0.991058 0.683133 0.017338 0.047347
0 0.975856 0.394370 0.029204 0.041260
0 0.753152 0.372703 0.031744 0.045073
0 0.286586 0.169217 0.055870 0.073153
0 0.374678 0.739767 0.038398 0.049093
0 0.653382 0.422837 0.027182 0.035113
2 0.059522 0.834353 0.038300 0.044493
2 0.180778 0.823663 0.039146 0.052007
2 0.137928 0.764727 0.039360 0.057787
2 0.180988 0.724393 0.032084 0.025413
2 0.179400 0.743873 0.031104 0.027587
2 0.076160 0.700983 0.035024 0.027420
0 0.028860 0.715577 0.037456 0.043340
2 0.074632 0.725147 0.033920 0.030267
2 0.107874 0.659140 0.032446 0.038760
2 0.189610 0.644790 0.032626 0.046713
1 0.221262 0.619893 0.041264 0.049840
2 0.272178 0.976813 0.033212 0.042333
2 0.237202 0.979223 0.033506 0.040727
2 0.473836 0.888553 0.026206 0.032267
2 0.517066 0.916643 0.026456 0.031607
2 0.605974 0.947943 0.033188 0.048153
2 0.601260 0.983057 0.025224 0.030767
2 0.680698 0.886827 0.021308 0.026880
2 0.780074 0.825710 0.029834 0.042140
2 0.761728 0.730600 0.024122 0.031493
2 0.853992 0.688997 0.019468 0.029180
2 0.848808 0.648403 0.022216 0.027740
1 0.923618 0.854947 0.019102 0.024880
1 0.990118 0.837990 0.018076 0.026287
1 0.872410 0.768667 0.019750 0.026000
2 0.818234 0.517400 0.035268 0.045267
2 0.836982 0.472687 0.015196 0.017893
2 0.895862 0.200327 0.020102 0.028893
1 0.979020 0.440817 0.026010 0.039127
2 0.733586 0.053607 0.036264 0.053253
2 0.654660 0.226690 0.020416 0.027460
2 0.683610 0.315723 0.019194 0.025793
2 0.619312 0.431803 0.017978 0.027460
2 0.687574 0.484640 0.025292 0.043267
1 0.694734 0.444700 0.023160 0.029960
1 0.698542 0.466127 0.016762 0.021213
2 0.589146 0.365650 0.025292 0.034953
2 0.500774 0.323837 0.019194 0.023713
2 0.569136 0.132697 0.017354 0.024847
0 0.606118 0.754453 0.048760 0.072813
2 0.443034 0.097763 0.021586 0.029180
2 0.103522 0.014037 0.037584 0.028073
1 0.011192 0.231857 0.022382 0.037847
1 0.316254 0.373053 0.031954 0.053453
1 0.475268 0.024820 0.037784 0.048680