2 0.616016 0.045608 0.017742 0.025123
1 0.087264 0.252795 0.032932 0.033337
1 0.077330 0.119068 0.024414 0.026357
1 0.475876 0.352560 0.027930 0.038133
1 0.283816 0.552935 0.023960 0.027417
1 0.330822 0.410870 0.032172 0.036760
1 0.156604 0.394513 0.019624 0.019627
1 0.170866 0.421620 0.024870 0.022120
1 0.175658 0.455110 0.022590 0.029287
1 0.901944 0.789263 0.012930 0.023627
1 0.737194 0.011280 0.025784 0.022560
1 0.650142 0.085648 0.028296 0.030843
2 0.807276 0.561365 0.024188 0.027730
2 0.971014 0.013562 0.014512 0.019817
2 0.895112 0.183292 0.020262 0.025423
2 0.919754 0.075062 0.021906 0.025797
2 0.848014 0.057117 0.025740 0.029533
2 0.839936 0.033750 0.019440 0.023180
2 0.500356 0.050992 0.013802 0.017050
1 0.654262 0.595543 0.020442 0.024880
1 0.677794 0.596623 0.021550 0.029640
1 0.605298 0.807677 0.030742 0.039160
1 0.324660 0.926230 0.030576 0.037073
0 0.119182 0.862487 0.027154 0.022120
1 0.324434 0.764350 0.022818 0.031153
1 0.212508 0.782297 0.032630 0.031467
0 0.518060 0.077472 0.021790 0.022177
4 0.497744 0.779330 0.052026 0.068787
4 0.081904 0.723125 0.099560 0.130550
0 0.735788 0.164950 0.021678 0.027780
2 0.028472 0.176775 0.016188 0.021550
2 0.934604 0.805610 0.025036 0.027047
1 0.778378 0.389665 0.012178 0.025870
1 0.790678 0.393025 0.013780 0.029217
1 0.860556 0.397467 0.027812 0.042173
1 0.085236 0.507758 0.017688 0.022037
1 0.932532 0.783392 0.020484 0.018250
1 0.641262 0.175727 0.039550 0.050627
1 0.066120 0.638748 0.016796 0.021637