0 0.301926 0.208425 0.023504 0.025963
0 0.899630 0.569847 0.043044 0.050247
1 0.899630 0.691648 0.019388 0.030057
1 0.960254 0.639608 0.016430 0.024677
1 0.945140 0.574333 0.019716 0.033200
1 0.962390 0.575453 0.020044 0.031853
1 0.940392 0.972828 0.014978 0.017423
1 0.781752 0.876763 0.020156 0.023367
1 0.709590 0.885722 0.016924 0.026223
1 0.699934 0.777995 0.012994 0.017523
1 0.691614 0.796927 0.018222 0.018173
1 0.726872 0.789030 0.016482 0.018820
1 0.725604 0.807418 0.022820 0.018390
1 0.586586 0.784877 0.023240 0.024700
1 0.590532 0.678055 0.012486 0.017943
1 0.520544 0.648222 0.015114 0.013910
1 0.438022 0.738012 0.017166 0.021037
1 0.435772 0.907980 0.011490 0.016767
1 0.320424 0.900137 0.017432 0.018753
1 0.160788 0.731807 0.012094 0.017280
1 0.369620 0.675365 0.020376 0.023217
1 0.304252 0.585982 0.015496 0.018530
1 0.385870 0.552333 0.021392 0.024160
1 0.320966 0.501492 0.023902 0.026683
1 0.152660 0.619087 0.023934 0.025167
1 0.146984 0.360507 0.019584 0.024147
1 0.224852 0.401137 0.017874 0.021807
1 0.247576 0.350900 0.020346 0.028300
1 0.447252 0.175182 0.015062 0.021310
1 0.549936 0.107140 0.012868 0.016073
1 0.694798 0.347968 0.014138 0.017630
1 0.566556 0.501130 0.016638 0.024013
1 0.453544 0.452432 0.014526 0.014423
1 0.969206 0.344825 0.020726 0.027003
0 0.958598 0.371052 0.042978 0.050603
2 0.862504 0.531420 0.017958 0.025600
2 0.823458 0.689140 0.019676 0.026320
2 0.758132 0.720115 0.015450 0.018030
2 0.839926 0.941265 0.018072 0.022430
2 0.975488 0.960478 0.014746 0.017577
2 0.728382 0.877168 0.022448 0.027223
2 0.717026 0.835250 0.020864 0.028487
2 0.693322 0.855982 0.027070 0.026683
2 0.624260 0.836872 0.015712 0.019470
2 0.589992 0.852287 0.017168 0.021093
2 0.616468 0.910612 0.013864 0.016950
2 0.524326 0.915075 0.018486 0.023137
2 0.503528 0.913197 0.020688 0.026893
2 0.356658 0.877192 0.011188 0.014650
2 0.170328 0.856990 0.019268 0.019980
2 0.010136 0.769205 0.018340 0.018903
2 0.054208 0.543448 0.017876 0.020743
2 0.338754 0.547790 0.024562 0.030467
2 0.287848 0.540308 0.011486 0.011897
2 0.331810 0.446713 0.016428 0.023553
2 0.508694 0.723302 0.017304 0.015837
2 0.480672 0.626260 0.008914 0.013820
2 0.458346 0.443655 0.013220 0.012103
2 0.297418 0.098797 0.016888 0.021187
2 0.466354 0.116710 0.012414 0.020913
2 0.477644 0.111212 0.017036 0.018570
2 0.470844 0.070825 0.016902 0.021817
2 0.450706 0.069833 0.016506 0.018027
2 0.477778 0.038463 0.022316 0.023800
2 0.836008 0.213240 0.019468 0.020560
2 0.683264 0.137228 0.018066 0.016777
2 0.834830 0.817330 0.016164 0.018173