0 0.737502 0.850867 0.044322 0.064107
0 0.740928 0.075690 0.020312 0.026580
0 0.885298 0.784030 0.025040 0.028167
2 0.840850 0.790813 0.014014 0.024547
2 0.939924 0.611553 0.030474 0.025307
2 0.795024 0.211427 0.015166 0.021427
2 0.754644 0.206007 0.021162 0.023600
2 0.677728 0.169143 0.016460 0.019460
2 0.596728 0.265733 0.015722 0.017853
2 0.503400 0.068647 0.019224 0.018533
2 0.381146 0.141897 0.019106 0.022273
2 0.253708 0.203303 0.020328 0.021900
2 0.173436 0.081647 0.017144 0.017560
2 0.175762 0.065343 0.014208 0.014713
2 0.162534 0.065930 0.012734 0.015553
2 0.145434 0.469460 0.014112 0.017573
2 0.102670 0.552767 0.017110 0.017573
2 0.201568 0.584187 0.022110 0.025893
2 0.287912 0.586017 0.015904 0.017420
0 0.150728 0.367413 0.040020 0.048173
2 0.387016 0.649390 0.023066 0.029540
2 0.554170 0.428757 0.054854 0.056913
1 0.843470 0.107043 0.025572 0.030500
1 0.557366 0.224023 0.016792 0.015580
1 0.591938 0.313007 0.020206 0.019067
1 0.447288 0.389740 0.018872 0.022387
1 0.275730 0.357047 0.018248 0.020067
1 0.441128 0.735410 0.014082 0.017553
1 0.076368 0.913723 0.016934 0.018487
1 0.335808 0.876020 0.019048 0.023400
2 0.646008 0.846770 0.022046 0.024913
1 0.800838 0.685400 0.016314 0.021467
1 0.704858 0.558797 0.021308 0.031700
2 0.687254 0.495810 0.016752 0.022273
2 0.277204 0.817583 0.013228 0.017460
2 0.612478 0.691250 0.016294 0.017913
2 0.583592 0.667127 0.019468 0.021667
2 0.491220 0.638667 0.030684 0.030627