1 0.492864 0.712088 0.030556 0.032750
4 0.514386 0.694367 0.021688 0.032300
1 0.314254 0.472915 0.031374 0.046517
1 0.977630 0.294602 0.026242 0.038630
1 0.146204 0.084095 0.020798 0.022690
1 0.162382 0.061783 0.011994 0.019533
2 0.173330 0.058855 0.011666 0.015777
1 0.542724 0.564312 0.023240 0.029210
1 0.920928 0.091025 0.019412 0.027583
1 0.850100 0.137432 0.022686 0.028970
1 0.987956 0.180315 0.015856 0.020083
1 0.744786 0.272615 0.019016 0.022537
1 0.310196 0.217153 0.020994 0.026793
1 0.213106 0.243167 0.026240 0.039567
1 0.270738 0.465165 0.016416 0.019657
1 0.340716 0.630445 0.017608 0.022537
1 0.561746 0.410847 0.014526 0.021333
1 0.590962 0.475225 0.022778 0.028097
1 0.527634 0.447418 0.021678 0.027417
1 0.679260 0.513155 0.023730 0.026170
1 0.741098 0.544775 0.028296 0.029597
1 0.791756 0.486362 0.025556 0.030530
1 0.895692 0.568297 0.019396 0.021807
2 0.593702 0.863613 0.016230 0.020533
1 0.458780 0.951635 0.015186 0.019830
2 0.265898 0.950208 0.018270 0.023890
1 0.201254 0.891338 0.018382 0.025097
2 0.214484 0.881277 0.011250 0.014927
2 0.120678 0.968033 0.013786 0.019687
2 0.027740 0.970307 0.017750 0.026393
1 0.146046 0.571570 0.020760 0.025960
1 0.186850 0.631067 0.016480 0.019473
2 0.208084 0.562267 0.016796 0.019040
1 0.032950 0.295350 0.010932 0.013693
2 0.107698 0.309850 0.013942 0.017307
1 0.196120 0.309092 0.019332 0.027910
1 0.263782 0.320992 0.019650 0.023583
1 0.458210 0.098903 0.023770 0.032273
1 0.426784 0.038883 0.017166 0.022900
1 0.340554 0.035187 0.012148 0.020913