1 0.562104 0.110283 0.018156 0.020547
0 0.459638 0.149447 0.021408 0.024640
2 0.683410 0.184843 0.024368 0.021200
2 0.686286 0.167595 0.023364 0.023970
2 0.492156 0.734778 0.030960 0.046183
2 0.581196 0.771960 0.018060 0.025833
2 0.662636 0.556892 0.025228 0.022310
1 0.825574 0.666912 0.020354 0.028570
1 0.842632 0.608398 0.024654 0.025830
1 0.616864 0.575998 0.030062 0.025550
1 0.575756 0.447710 0.017918 0.025547
1 0.615670 0.312625 0.024484 0.031530
1 0.637170 0.303793 0.011746 0.018753
1 0.863592 0.160147 0.021302 0.027993
1 0.292618 0.120535 0.019814 0.025023
1 0.080810 0.095395 0.014794 0.022543
1 0.115898 0.361978 0.020984 0.025830
1 0.208260 0.456617 0.019262 0.030060
1 0.044174 0.458683 0.023392 0.033347
1 0.090958 0.509643 0.015136 0.019727
1 0.416594 0.643427 0.016340 0.028180
1 0.388646 0.725425 0.017774 0.030137
1 0.442394 0.797243 0.023792 0.029747
1 0.272402 0.740492 0.031246 0.025050
1 0.162180 0.737948 0.023506 0.028570
1 0.062136 0.793527 0.024654 0.034833
1 0.011618 0.831430 0.019470 0.029727
1 0.003188 0.825612 0.006376 0.025323
1 0.521156 0.886248 0.022752 0.025690