1 0.926194 0.335888 0.013754 0.015923
1 0.932906 0.350162 0.014414 0.015623
1 0.798840 0.422588 0.010696 0.014603
1 0.811332 0.452787 0.010564 0.013700
1 0.857238 0.527697 0.012076 0.016693
1 0.764390 0.519897 0.015774 0.019533
1 0.650154 0.449610 0.013984 0.020760
1 0.620312 0.443923 0.015438 0.015233
1 0.580242 0.536808 0.016542 0.022070
1 0.562102 0.431505 0.023198 0.026483
1 0.838260 0.712625 0.016924 0.021030
1 0.727978 0.950442 0.010792 0.012017
1 0.570050 0.732712 0.008596 0.010363
1 0.334008 0.913237 0.010730 0.012520
1 0.268666 0.951780 0.022774 0.024207
1 0.135978 0.919397 0.011556 0.017780
1 0.144800 0.762327 0.016124 0.021913
1 0.268966 0.665683 0.011398 0.013653
1 0.098874 0.687923 0.007946 0.008973
1 0.039838 0.561522 0.010634 0.011563
1 0.034720 0.494882 0.017514 0.022037
1 0.162370 0.467733 0.016110 0.018027
1 0.202342 0.566792 0.011082 0.013877
1 0.006348 0.110570 0.012518 0.018173
1 0.152846 0.197110 0.017112 0.022500
1 0.229780 0.256917 0.024034 0.021813
1 0.475278 0.580995 0.011408 0.015837
1 0.465766 0.546435 0.012366 0.015217
1 0.461988 0.501630 0.012208 0.015433
1 0.433824 0.452185 0.015388 0.019417
1 0.469882 0.376805 0.013296 0.016277
2 0.491608 0.349103 0.015284 0.020240
1 0.478044 0.338043 0.014136 0.025460
1 0.496108 0.265122 0.009902 0.015150
1 0.400724 0.115500 0.011462 0.014693
1 0.318120 0.016923 0.010572 0.012380
1 0.708620 0.061853 0.010378 0.012347
1 0.854970 0.188298 0.010704 0.011350
1 0.891398 0.043485 0.013572 0.015777
1 0.981412 0.122892 0.013754 0.013983
1 0.952108 0.295097 0.012986 0.019380
1 0.807040 0.794853 0.016726 0.023287