1 0.153428 0.535388 0.036718 0.036637
1 0.188628 0.647545 0.035322 0.025423
1 0.226826 0.606235 0.056954 0.062437
1 0.603578 0.342540 0.020818 0.024547
1 0.586828 0.348355 0.016560 0.024550
1 0.365378 0.545483 0.032310 0.038133
1 0.364556 0.482488 0.036692 0.043743
0 0.134752 0.023510 0.029476 0.030893
1 0.488974 0.007980 0.011884 0.014873
1 0.578492 0.072375 0.035882 0.048990
1 0.831832 0.251377 0.037066 0.038760
1 0.985018 0.088523 0.028784 0.039300
1 0.658512 0.562833 0.027444 0.033593
1 0.627756 0.363212 0.019874 0.023257
1 0.876402 0.296995 0.025076 0.030363
1 0.874904 0.539072 0.031946 0.036763
1 0.926586 0.584245 0.028066 0.029910
1 0.796180 0.647490 0.017344 0.021187
1 0.264614 0.373883 0.033952 0.041873
1 0.048488 0.287897 0.026834 0.033647
1 0.212368 0.169983 0.028204 0.034020
1 0.227110 0.007055 0.022818 0.014110
1 0.496566 0.017295 0.013426 0.015177
2 0.419998 0.246767 0.025222 0.031913
2 0.449314 0.243972 0.020206 0.020190
2 0.222662 0.368498 0.022712 0.026503
2 0.057836 0.408922 0.018750 0.019830
2 0.260920 0.826260 0.018444 0.019993
2 0.651740 0.910667 0.014788 0.013833
2 0.788924 0.891785 0.025738 0.026917
2 0.743354 0.767508 0.020346 0.021550
2 0.644870 0.442243 0.020308 0.026480
2 0.856972 0.288688 0.014070 0.021030
2 0.923334 0.243513 0.017496 0.018433
2 0.604668 0.123765 0.030264 0.029937
1 0.664768 0.961898 0.020336 0.023077
1 0.797202 0.913472 0.023506 0.025063
2 0.442382 0.273093 0.019016 0.015147
2 0.566142 0.366315 0.013518 0.016357
1 0.297276 0.983902 0.020918 0.024663
1 0.457818 0.017897 0.012734 0.022387
2 0.147168 0.220122 0.016406 0.016223
2 0.442382 0.284015 0.015848 0.014423
1 0.429262 0.767590 0.031586 0.043653
1 0.470826 0.018497 0.013186 0.027193
1 0.392546 0.865417 0.049060 0.054207
1 0.086890 0.928110 0.030804 0.032193
1 0.454742 0.674588 0.024532 0.028817
1 0.431164 0.670565 0.021868 0.027517