1 0.329804 0.080370 0.011490 0.021460
0 0.623722 0.272367 0.048958 0.068193
0 0.571974 0.346303 0.011844 0.014347
1 0.685564 0.378753 0.011308 0.014813
1 0.486530 0.520143 0.017750 0.017740
1 0.583252 0.611692 0.013692 0.015130
1 0.562946 0.704370 0.012844 0.015360
1 0.451316 0.698115 0.010508 0.011230
1 0.451060 0.803615 0.012656 0.017530
1 0.400970 0.825003 0.015522 0.019140
1 0.333154 0.777277 0.013906 0.015440
1 0.353948 0.910617 0.016660 0.019407
1 0.075276 0.940008 0.015972 0.020143
1 0.022960 0.945923 0.011638 0.016513
1 0.059378 0.783890 0.013338 0.014967
1 0.015196 0.639927 0.011622 0.011540
1 0.065340 0.442832 0.019358 0.015563
1 0.055212 0.360570 0.011004 0.014773
1 0.178768 0.322453 0.013374 0.016067
1 0.228898 0.329078 0.012762 0.014710
1 0.277958 0.349425 0.014138 0.015963
1 0.226116 0.284403 0.013374 0.013460
1 0.174762 0.217573 0.011232 0.015233
1 0.150270 0.248353 0.014824 0.013773
1 0.173054 0.113483 0.010014 0.014573
1 0.216082 0.073518 0.009794 0.019083
1 0.208378 0.051282 0.017056 0.016077
1 0.251076 0.061423 0.014636 0.016227
2 0.310196 0.099930 0.014262 0.015507
1 0.329428 0.176370 0.013572 0.015400
1 0.448088 0.146262 0.015782 0.016617
2 0.452272 0.258938 0.013122 0.016097
1 0.744736 0.200785 0.013206 0.016777
1 0.772756 0.004783 0.014790 0.009567
2 0.885390 0.071233 0.014978 0.018260
1 0.895750 0.195938 0.010568 0.012870
1 0.809716 0.373290 0.015318 0.025420
1 0.857850 0.431075 0.014394 0.020190
1 0.916382 0.339033 0.014306 0.023413
1 0.926424 0.343603 0.014214 0.017780
1 0.966122 0.512017 0.012742 0.017653
1 0.918380 0.587885 0.008254 0.012937
1 0.991754 0.629925 0.015594 0.017630
1 0.865454 0.861078 0.016734 0.025443
1 0.922024 0.967263 0.020346 0.021807
1 0.929440 0.744508 0.009698 0.015057
1 0.885136 0.769302 0.021486 0.021030
2 0.722022 0.698737 0.014526 0.017127
1 0.708682 0.808692 0.014444 0.016070
1 0.576636 0.842815 0.017242 0.022037
1 0.238044 0.612685 0.015054 0.014603
1 0.340376 0.587865 0.015498 0.017903
1 0.161362 0.912655 0.011224 0.014423
2 0.637940 0.516183 0.021232 0.020553
2 0.521550 0.473477 0.014102 0.017740
2 0.311768 0.952337 0.017114 0.027000
2 0.278776 0.830962 0.034038 0.043357
2 0.318176 0.725030 0.028664 0.020553
2 0.028942 0.806787 0.014524 0.021093
2 0.031516 0.816885 0.017036 0.014243
2 0.030526 0.825808 0.017166 0.016950
2 0.023528 0.832028 0.014790 0.017130
2 0.160424 0.633868 0.012810 0.013883