2 0.140588 0.182938 0.015212 0.021550
0 0.711310 0.223725 0.039704 0.044863
0 0.642438 0.899082 0.039178 0.039537
2 0.247890 0.703455 0.014072 0.019470
2 0.304556 0.750577 0.012930 0.012460
2 0.167208 0.720747 0.019396 0.027520
2 0.009876 0.679882 0.016352 0.021810
1 0.132810 0.698573 0.020728 0.022327
1 0.099914 0.905003 0.017414 0.018840
1 0.276364 0.966690 0.023328 0.022880
1 0.279746 0.842235 0.012412 0.018930
1 0.318418 0.660833 0.017750 0.019040
1 0.390994 0.666675 0.017432 0.021637
1 0.359064 0.657157 0.016320 0.023800
2 0.447722 0.758732 0.016796 0.018390
1 0.656418 0.777812 0.012094 0.017757
1 0.696806 0.769555 0.018028 0.023057
1 0.620950 0.626530 0.043356 0.046733
1 0.585392 0.571748 0.017492 0.019210
1 0.584252 0.512555 0.012170 0.014537
1 0.625420 0.518787 0.019966 0.018693
2 0.628462 0.488930 0.022626 0.022847
2 0.684176 0.504118 0.021868 0.019990
2 0.746356 0.538907 0.011980 0.012200
2 0.823298 0.296178 0.021092 0.021283
2 0.804636 0.268760 0.019716 0.025793
2 0.783728 0.263313 0.020450 0.025167
2 0.805164 0.194712 0.013754 0.015923
2 0.877406 0.205830 0.019148 0.019533
1 0.873334 0.257138 0.017388 0.018177
1 0.779744 0.162033 0.027180 0.027193
1 0.652478 0.153680 0.024340 0.029080
1 0.616064 0.179123 0.017304 0.018173
2 0.230662 0.178413 0.022658 0.021633
2 0.245242 0.149530 0.015372 0.019687
2 0.200200 0.274717 0.026050 0.023367
2 0.173768 0.246157 0.017302 0.021287
2 0.127140 0.128393 0.013206 0.017580
2 0.121202 0.117357 0.013854 0.012307
2 0.146342 0.091358 0.011336 0.015323