2 0.902718 0.133027 0.015490 0.017233
2 0.451776 0.155910 0.016164 0.022933
2 0.477050 0.159372 0.015688 0.026397
2 0.493212 0.171703 0.014736 0.022500
2 0.503276 0.140442 0.016480 0.022717
2 0.519200 0.151583 0.013470 0.023367
2 0.513178 0.116208 0.015372 0.021850
2 0.479982 0.127783 0.020600 0.023367
2 0.489490 0.098143 0.020600 0.022067
1 0.527600 0.102578 0.015372 0.021850
1 0.522450 0.175922 0.018698 0.021850
1 0.506682 0.178518 0.011884 0.024883
2 0.166966 0.317370 0.011738 0.013900
2 0.175814 0.309170 0.008528 0.013773
2 0.183562 0.304537 0.009170 0.012773
2 0.027908 0.266073 0.012836 0.016527
2 0.015300 0.253868 0.012562 0.015150
2 0.061108 0.220595 0.009400 0.012623
2 0.055530 0.212508 0.010468 0.012730
2 0.072044 0.154425 0.012456 0.014397
2 0.143114 0.069418 0.012380 0.016903
2 0.165058 0.029058 0.017258 0.017217
2 0.221710 0.019900 0.014856 0.018280
2 0.213354 0.171078 0.011486 0.014063
2 0.148786 0.158177 0.014644 0.017653
1 0.050944 0.196320 0.017168 0.019113
1 0.122480 0.173455 0.021868 0.024017
1 0.207414 0.131700 0.018382 0.020120
0 0.243854 0.672450 0.023094 0.025460
2 0.294468 0.612363 0.013984 0.016973
2 0.340070 0.613505 0.013386 0.017623
2 0.340846 0.582253 0.013030 0.013547
2 0.331464 0.553773 0.016018 0.017953
2 0.306420 0.536393 0.017094 0.023667
2 0.267992 0.543328 0.020560 0.021217
2 0.245340 0.520807 0.010876 0.015340
2 0.223946 0.515097 0.013746 0.016973
2 0.306004 0.499103 0.013388 0.016647
2 0.314250 0.484332 0.013868 0.017137
2 0.320586 0.507833 0.012910 0.019093
2 0.333674 0.507915 0.013266 0.020563
2 0.292316 0.473235 0.014702 0.019750
0 0.841634 0.015077 0.037180 0.030153
0 0.670932 0.942477 0.021070 0.027073
0 0.885514 0.250782 0.019622 0.016077
0 0.886752 0.229913 0.017968 0.016073
2 0.675052 0.796555 0.012492 0.015430
2 0.703754 0.874118 0.016954 0.017057
2 0.621366 0.799600 0.021116 0.021520
2 0.811276 0.799600 0.015466 0.019087
2 0.863476 0.716757 0.015168 0.012587
2 0.831502 0.578482 0.020820 0.017870
2 0.889650 0.567923 0.013386 0.017867
2 0.944378 0.513710 0.016954 0.023147
2 0.972784 0.579092 0.017250 0.022337
2 0.872598 0.166713 0.016064 0.020760
2 0.913548 0.100713 0.014202 0.017233