2 0.179382 0.816535 0.014636 0.017277
2 0.442952 0.841837 0.019584 0.023107
2 0.290880 0.951290 0.017908 0.022933
2 0.293654 0.887683 0.017112 0.019040
2 0.184224 0.906802 0.020468 0.022897
2 0.120718 0.895917 0.020344 0.023367
2 0.069396 0.689102 0.024722 0.031417
2 0.097824 0.631207 0.021108 0.031413
2 0.125302 0.645615 0.020156 0.024923
2 0.062912 0.162687 0.020908 0.026893
2 0.220114 0.070890 0.017696 0.026320
2 0.036902 0.008972 0.020816 0.017943
2 0.059792 0.312248 0.016638 0.019830
2 0.746890 0.868803 0.022778 0.023587
2 0.726700 0.927823 0.014526 0.019473
2 0.991210 0.883452 0.017090 0.026143
2 0.715732 0.490998 0.021918 0.027037
2 0.248670 0.163928 0.015012 0.016197
2 0.763334 0.034743 0.028218 0.033193
2 0.940302 0.236330 0.018982 0.022933
2 0.994682 0.221332 0.010078 0.018490
1 0.456408 0.658308 0.025088 0.028810
1 0.370586 0.605518 0.025704 0.033810
1 0.462970 0.764818 0.022298 0.028723
1 0.459556 0.811513 0.023554 0.031300
1 0.414080 0.848407 0.011462 0.014620
2 0.405704 0.855802 0.009322 0.012210
1 0.448156 0.883148 0.014362 0.019437
1 0.268932 0.899728 0.033698 0.053603
1 0.077166 0.935420 0.021616 0.024560
1 0.164632 0.697722 0.032348 0.049303
1 0.270734 0.691868 0.037224 0.047257
1 0.155364 0.631833 0.018500 0.020507
1 0.147526 0.590227 0.021988 0.027640
1 0.195308 0.551440 0.016978 0.026747
1 0.065114 0.532973 0.025032 0.032940
1 0.037452 0.482697 0.041176 0.060187
2 0.220374 0.412198 0.015620 0.018577
1 0.282668 0.370145 0.018264 0.027003
1 0.311010 0.380035 0.022298 0.030617
1 0.291800 0.456228 0.024188 0.026830
1 0.396214 0.406387 0.020904 0.024427
1 0.425064 0.328213 0.014612 0.019093
1 0.158388 0.237553 0.027934 0.029720
1 0.059706 0.074480 0.023582 0.025800
1 0.084572 0.062508 0.020710 0.028690
1 0.137484 0.009882 0.017258 0.019763
1 0.233678 0.146080 0.018006 0.021000
1 0.313268 0.205080 0.026730 0.024967
1 0.369264 0.215462 0.013786 0.020063
2 0.405726 0.197258 0.016688 0.019317
2 0.518316 0.142045 0.009886 0.013377
1 0.585148 0.077658 0.022674 0.024517
1 0.669588 0.166447 0.033376 0.047553
1 0.769810 0.205455 0.024490 0.029970
1 0.808154 0.274122 0.015660 0.022457
2 0.822546 0.270657 0.014524 0.019587
2 0.759384 0.277285 0.016796 0.019230
1 0.965618 0.102977 0.020734 0.026040
1 0.991950 0.063920 0.015484 0.028427
2 0.962402 0.258753 0.015538 0.019207
1 0.962382 0.324212 0.018686 0.023363
1 0.885810 0.524537 0.016326 0.019813
1 0.854442 0.551573 0.020408 0.023940
1 0.810082 0.652473 0.018684 0.025013
1 0.839378 0.715778 0.021768 0.030217
1 0.762646 0.691730 0.025396 0.038140
1 0.761376 0.661663 0.022132 0.029967
1 0.781240 0.665997 0.018684 0.036160
1 0.683248 0.529470 0.015720 0.019813
1 0.567144 0.457673 0.023508 0.025560
1 0.553782 0.343160 0.020280 0.027000
1 0.568016 0.281415 0.016502 0.024937
2 0.541440 0.698318 0.015114 0.017750
1 0.636842 0.880598 0.018196 0.024483
1 0.812092 0.853462 0.022482 0.024963
1 0.937986 0.944117 0.015126 0.020820