0 0.556262 0.975650 0.032320 0.042380
1 0.272706 0.969210 0.029658 0.041860
0 0.254306 0.140657 0.037460 0.044727
0 0.515036 0.022913 0.038248 0.041053
0 0.753794 0.037107 0.025234 0.035053
0 0.354288 0.895817 0.068798 0.094713
1 0.061380 0.231170 0.030660 0.029087
1 0.492712 0.547643 0.027172 0.040860
1 0.550676 0.610817 0.022700 0.030060
1 0.182854 0.892027 0.032730 0.042400
1 0.062026 0.728167 0.029620 0.033267
2 0.796906 0.942120 0.019604 0.024427
1 0.704720 0.995817 0.016000 0.008367
2 0.546694 0.760847 0.025712 0.030120
2 0.571412 0.744313 0.026044 0.034200
2 0.626706 0.675387 0.042584 0.050773
2 0.972482 0.573053 0.056070 0.079373
2 0.585632 0.430020 0.047378 0.045120
2 0.648938 0.371037 0.040610 0.065233
2 0.657656 0.181107 0.036630 0.033160
2 0.716482 0.171727 0.018510 0.029627
2 0.233200 0.013030 0.017758 0.022807
2 0.262834 0.483057 0.056616 0.069140
2 0.100134 0.463243 0.040620 0.053433
2 0.149668 0.291797 0.035664 0.044633
2 0.235962 0.889900 0.024882 0.029627
1 0.227104 0.761613 0.021894 0.023107
2 0.247708 0.785123 0.020502 0.025553
2 0.091274 0.679560 0.028614 0.028507
2 0.418706 0.529697 0.017198 0.023487
2 0.428620 0.492350 0.020308 0.034900