1 0.948494 0.213245 0.028142 0.038423
1 0.865592 0.476807 0.033436 0.039587
1 0.897460 0.417427 0.034480 0.046367
1 0.905688 0.459690 0.032128 0.045293
1 0.912088 0.530482 0.032912 0.048503
2 0.805184 0.905643 0.032286 0.042800
2 0.649532 0.937737 0.022548 0.029240
1 0.346154 0.943252 0.013906 0.016303
1 0.381602 0.979060 0.019500 0.021053
1 0.488942 0.546515 0.042990 0.057950
1 0.490338 0.111108 0.016638 0.019650
1 0.509486 0.110838 0.013996 0.018030
1 0.529756 0.128507 0.011226 0.015147
1 0.537546 0.136710 0.009374 0.011720
1 0.534774 0.151135 0.010960 0.014603
5 0.505052 0.657622 0.055762 0.070010
1 0.534774 0.169523 0.010960 0.014967
1 0.492650 0.158435 0.015716 0.017670
1 0.499846 0.147528 0.012148 0.014603
1 0.502356 0.132745 0.011622 0.014243
1 0.486312 0.136440 0.012544 0.016227
2 0.443980 0.046712 0.025792 0.033217
1 0.240214 0.078942 0.017302 0.023623
1 0.186856 0.300997 0.034606 0.051407
1 0.152226 0.417497 0.037238 0.044487
1 0.209410 0.209020 0.023000 0.030953
1 0.187326 0.489378 0.017908 0.035483
1 0.170688 0.489378 0.016320 0.022070
1 0.043292 0.685055 0.042784 0.054783
2 0.232122 0.624490 0.018540 0.024447
1 0.340318 0.602335 0.026806 0.027403
1 0.271122 0.552845 0.034730 0.044170
1 0.341298 0.495272 0.019014 0.024143
1 0.401578 0.501113 0.024340 0.033753
2 0.428388 0.414010 0.022818 0.035567
1 0.343838 0.335660 0.043418 0.058633
1 0.004854 0.350853 0.009708 0.020347
1 0.162540 0.777563 0.036282 0.043927
1 0.372172 0.729960 0.039934 0.043927
0 0.355400 0.778560 0.048374 0.045800
0 0.706108 0.982000 0.032036 0.036000
0 0.450188 0.980968 0.056132 0.038063
1 0.667304 0.745682 0.032392 0.046723
1 0.697020 0.417795 0.021084 0.026543
1 0.672922 0.411442 0.020538 0.026543
1 0.682452 0.204027 0.031376 0.045693
1 0.761474 0.227030 0.051796 0.071653
1 0.927482 0.152882 0.045828 0.056857
1 0.978254 0.118742 0.019968 0.025443
1 0.990676 0.244193 0.018208 0.040480