1 0.911994 0.330445 0.020162 0.023757
1 0.952846 0.194987 0.018250 0.026367
1 0.927124 0.898262 0.035864 0.048097
1 0.715014 0.848570 0.025042 0.029267
1 0.509058 0.496672 0.028862 0.034190
2 0.745650 0.727728 0.015630 0.017950
2 0.745132 0.751330 0.012524 0.015407
2 0.754240 0.747232 0.012320 0.017670
2 0.801730 0.433017 0.037994 0.038687
2 0.784750 0.341303 0.029068 0.030120
2 0.059350 0.150427 0.020214 0.023213
0 0.866602 0.710110 0.016992 0.020353
2 0.177442 0.527257 0.019048 0.018653
2 0.172006 0.515950 0.016876 0.017807
0 0.851102 0.213387 0.024686 0.038393
2 0.257230 0.441163 0.010682 0.013567
1 0.276236 0.397232 0.029836 0.038977
1 0.342028 0.496292 0.039068 0.049530
1 0.246314 0.620788 0.044860 0.054217
1 0.365862 0.803120 0.024594 0.033787
1 0.103388 0.150697 0.020090 0.028273
1 0.281120 0.223117 0.026274 0.033760
1 0.267830 0.269075 0.021328 0.027857
0 0.196136 0.159252 0.020264 0.022303
1 0.082976 0.009832 0.028726 0.019663
1 0.494060 0.024212 0.023530 0.027957
1 0.457694 0.196113 0.021696 0.027953
1 0.529662 0.288113 0.020168 0.023367
1 0.544178 0.321492 0.019864 0.021697
1 0.690848 0.297342 0.016270 0.020523
1 0.701812 0.257622 0.019454 0.024143
1 0.718788 0.277543 0.021224 0.017627
1 0.716048 0.292028 0.017862 0.021490
2 0.746994 0.738682 0.014594 0.012157