1 0.715694 0.760577 0.018262 0.020353
1 0.708212 0.129023 0.016636 0.018073
1 0.322922 0.608732 0.015114 0.017337
1 0.436022 0.569237 0.026484 0.031207
1 0.520736 0.560568 0.021042 0.028237
1 0.451714 0.455928 0.016142 0.018577
1 0.829282 0.606485 0.011738 0.020103
1 0.819222 0.607182 0.011590 0.018710
1 0.818420 0.621167 0.013340 0.014633
1 0.878986 0.695727 0.014172 0.014333
1 0.996268 0.665163 0.007934 0.017027
1 0.913480 0.482297 0.009522 0.013827
1 0.742272 0.537008 0.012798 0.015337
1 0.781712 0.616563 0.018894 0.023360
1 0.825594 0.584028 0.014908 0.016770
1 0.841878 0.762098 0.038422 0.031817
1 0.671878 0.788868 0.012466 0.017917
2 0.361076 0.663137 0.015266 0.017953
1 0.337266 0.664787 0.013304 0.014653
1 0.318950 0.912877 0.020634 0.020327
1 0.272764 0.826628 0.012346 0.011523
1 0.275850 0.795068 0.015496 0.016510
1 0.244358 0.787157 0.012974 0.017887
1 0.222124 0.462880 0.016884 0.018513
2 0.510812 0.027672 0.007810 0.012383
1 0.490204 0.019847 0.009700 0.014273
1 0.434524 0.055105 0.015244 0.019437
1 0.479130 0.094920 0.013480 0.016167
1 0.455232 0.137372 0.011548 0.014930
1 0.439224 0.162575 0.014522 0.016363
1 0.404450 0.231657 0.016184 0.018513
1 0.410136 0.253097 0.021606 0.019587
1 0.530024 0.249888 0.018372 0.018203
1 0.636120 0.356810 0.019804 0.025800
1 0.690390 0.281582 0.016478 0.021463
1 0.675800 0.273222 0.011186 0.018370
1 0.907270 0.070688 0.012850 0.014790
1 0.893946 0.455778 0.016690 0.020803
2 0.910506 0.602102 0.012518 0.015603
2 0.770886 0.738668 0.013714 0.015750
2 0.785796 0.683537 0.012626 0.016047
2 0.694914 0.701665 0.019810 0.017237
2 0.415726 0.185993 0.014278 0.014907
2 0.050212 0.124265 0.011494 0.016050
0 0.886672 0.398692 0.033924 0.028483
0 0.150954 0.918773 0.030292 0.039627
0 0.452116 0.687133 0.028950 0.038933
0 0.706352 0.791652 0.028450 0.048017
0 0.688610 0.801972 0.019842 0.046583