1 0.834468 0.010890 0.020994 0.021780
1 0.872410 0.189215 0.042058 0.052937
1 0.528536 0.358992 0.036274 0.043070
1 0.384222 0.437053 0.028388 0.034453
1 0.393246 0.774858 0.035632 0.042790
1 0.213268 0.027030 0.025628 0.033200
1 0.271428 0.208478 0.031216 0.033750
1 0.451614 0.276785 0.034800 0.038683
1 0.292322 0.313598 0.021868 0.034010
1 0.308466 0.504292 0.026812 0.025703
1 0.447374 0.536225 0.020538 0.024663
1 0.390328 0.521167 0.021296 0.027780
1 0.349388 0.622220 0.024694 0.028667
1 0.378638 0.696322 0.039350 0.040203
1 0.480580 0.699117 0.019016 0.029567
1 0.615724 0.706512 0.033908 0.038223
4 0.724754 0.798890 0.061512 0.133727
1 0.579830 0.570532 0.027070 0.022357
1 0.648694 0.569883 0.022182 0.021093
1 0.617530 0.536095 0.017696 0.021277
2 0.376724 0.534425 0.011884 0.013670
2 0.119936 0.148340 0.018706 0.021407
2 0.690370 0.035700 0.027380 0.038167
2 0.820292 0.393110 0.025630 0.027367
2 0.211962 0.969843 0.017300 0.019833
1 0.521226 0.059580 0.023730 0.030533
1 0.693390 0.096187 0.032630 0.037073
1 0.965976 0.136152 0.025190 0.034023
1 0.951308 0.400378 0.035324 0.035157
1 0.853074 0.519030 0.024404 0.027693
1 0.762150 0.713622 0.025766 0.028170
4 0.171628 0.459405 0.171284 0.148583
1 0.822468 0.781278 0.024842 0.030510
1 0.825694 0.874288 0.027336 0.027583
1 0.521436 0.979723 0.031956 0.027947
1 0.042102 0.700662 0.014444 0.015023
1 0.034002 0.691847 0.011386 0.013040
1 0.097074 0.348830 0.038030 0.041540
1 0.370166 0.042733 0.024644 0.036787