1 0.582212 0.155775 0.016616 0.019830
0 0.313648 0.909833 0.032706 0.046473
0 0.890380 0.008843 0.012290 0.014433
0 0.156734 0.202922 0.017604 0.016830
0 0.139346 0.185043 0.016730 0.028247
1 0.432972 0.589983 0.016956 0.019907
1 0.428006 0.765068 0.016430 0.024923
1 0.322626 0.858913 0.019808 0.024880
1 0.252952 0.788370 0.018984 0.022287
1 0.237934 0.679812 0.013754 0.017130
1 0.137246 0.721053 0.020576 0.021787
1 0.089520 0.629830 0.020786 0.025147
1 0.346840 0.532313 0.012416 0.014707
1 0.019156 0.308248 0.015786 0.023437
1 0.320726 0.424102 0.012260 0.017897
1 0.526682 0.414650 0.020450 0.022913
1 0.653714 0.346317 0.011692 0.012520
1 0.647280 0.420150 0.012226 0.016080
1 0.731020 0.629935 0.016658 0.023370
1 0.739638 0.738737 0.014444 0.017947
1 0.716442 0.908393 0.019700 0.021933
1 0.792758 0.840903 0.013068 0.014607
1 0.854566 0.919617 0.016618 0.023287
1 0.885552 0.953042 0.017422 0.019510
1 0.928614 0.948922 0.022544 0.025457
1 0.924334 0.773908 0.010468 0.011683
1 0.889782 0.657150 0.016506 0.015867
1 0.862460 0.584220 0.013602 0.015687
1 0.629938 0.269815 0.011096 0.012897
1 0.664830 0.254415 0.015040 0.020157
1 0.696330 0.231878 0.009446 0.012143
1 0.867166 0.258752 0.015954 0.020283
2 0.944306 0.339058 0.012414 0.014783
1 0.876948 0.126337 0.010554 0.014273
1 0.880764 0.116810 0.010454 0.013620
1 0.890158 0.122100 0.011092 0.012607
1 0.891352 0.133763 0.014436 0.014927
1 0.908148 0.146153 0.011516 0.013620
1 0.907060 0.157783 0.013372 0.014127
1 0.896738 0.159630 0.010664 0.018113
1 0.888354 0.161117 0.010984 0.016593
1 0.858566 0.147983 0.013602 0.017127
1 0.607136 0.223837 0.018046 0.019833
1 0.576270 0.172453 0.019478 0.024640
1 0.236746 0.133028 0.018010 0.023917