2 0.095200 0.748310 0.018046 0.024940
0 0.344366 0.877227 0.034776 0.042993
1 0.118110 0.680903 0.016506 0.019533
2 0.128212 0.788650 0.013646 0.018180
2 0.135750 0.770622 0.015516 0.020283
2 0.111156 0.740272 0.018928 0.024490
1 0.052020 0.893445 0.033516 0.041723
1 0.204476 0.898250 0.012414 0.015147
1 0.238508 0.753643 0.014856 0.019833
1 0.220428 0.701945 0.028206 0.036563
1 0.266834 0.630223 0.015594 0.018433
1 0.312508 0.607168 0.024034 0.035157
1 0.332646 0.636915 0.013602 0.017850
1 0.232940 0.489438 0.013096 0.015023
1 0.338798 0.466380 0.019648 0.029427
1 0.329138 0.356788 0.017276 0.021783
1 0.394560 0.376410 0.016506 0.020887
2 0.127604 0.259710 0.022134 0.027727
2 0.094766 0.105423 0.019966 0.023367
1 0.267636 0.121620 0.012016 0.015507
1 0.286452 0.087453 0.012940 0.020373
1 0.312336 0.050765 0.014524 0.017670
1 0.320060 0.033365 0.013864 0.018570
1 0.402136 0.165823 0.026462 0.035913
2 0.474228 0.087220 0.012676 0.015147
1 0.570208 0.125412 0.027730 0.030950
1 0.599810 0.197995 0.027070 0.024943
2 0.641564 0.248713 0.018254 0.025547
1 0.673170 0.263300 0.021824 0.023913
1 0.692376 0.342830 0.022448 0.019233
1 0.721646 0.293552 0.016726 0.023137
1 0.691166 0.375658 0.019148 0.023590
1 0.673420 0.435203 0.013470 0.019687
1 0.719372 0.497297 0.015054 0.018820
2 0.870132 0.606380 0.019332 0.020987
1 0.945084 0.599890 0.012996 0.015360
1 0.963228 0.555322 0.018540 0.022283
1 0.964496 0.634615 0.019808 0.029423
1 0.910620 0.712827 0.015372 0.020987
1 0.930426 0.720398 0.026780 0.031803
1 0.951974 0.736165 0.027996 0.034977
1 0.905870 0.836600 0.021220 0.022120
1 0.692786 0.786810 0.016240 0.019833
2 0.750624 0.735698 0.020466 0.026503
1 0.726542 0.754303 0.011146 0.018260
1 0.735744 0.754910 0.007132 0.016347
1 0.591612 0.659655 0.011186 0.016403
1 0.686712 0.869422 0.020336 0.027583
1 0.596898 0.793633 0.019490 0.026613
1 0.394522 0.839893 0.017874 0.023887
1 0.423376 0.593120 0.016224 0.017820
1 0.418260 0.551105 0.015872 0.018057
1 0.407856 0.503552 0.021162 0.026003
2 0.718504 0.730008 0.010972 0.012657
1 0.815672 0.265328 0.017978 0.023717
1 0.893530 0.270155 0.036568 0.034950
1 0.790228 0.107852 0.021938 0.019137
1 0.667880 0.045443 0.025900 0.025793
2 0.720444 0.052517 0.023160 0.029953
2 0.763480 0.156843 0.019104 0.025280