0 0.622482 0.065350 0.044820 0.056973
0 0.390312 0.616040 0.027728 0.031993
0 0.703748 0.188275 0.029664 0.033583
2 0.875430 0.072437 0.022358 0.023933
2 0.777494 0.125433 0.024328 0.025400
2 0.483774 0.282727 0.025760 0.027080
2 0.574090 0.511590 0.026404 0.038393
1 0.098998 0.097785 0.016520 0.020350
1 0.246076 0.091950 0.015530 0.015940
1 0.512164 0.120598 0.029410 0.033703
1 0.891912 0.153652 0.019626 0.022390
1 0.996072 0.156815 0.012674 0.017303
1 0.737012 0.300643 0.021824 0.024667
1 0.660722 0.264498 0.016276 0.020270
1 0.630468 0.351520 0.019826 0.033173
1 0.642690 0.347043 0.019228 0.026660
1 0.647610 0.364750 0.020122 0.028287
1 0.603784 0.390393 0.012374 0.018113
1 0.725572 0.453303 0.021166 0.024627
1 0.745600 0.883412 0.019964 0.024323
1 0.506982 0.779208 0.020070 0.027043
1 0.401156 0.865880 0.021678 0.027260
1 0.519744 0.992532 0.015686 0.014937
1 0.303418 0.992198 0.016202 0.015603
1 0.269532 0.892647 0.020080 0.028973
1 0.194916 0.899032 0.020080 0.021810
1 0.407640 0.596918 0.015984 0.019563
1 0.091286 0.537345 0.014524 0.023077
1 0.090296 0.479470 0.020996 0.024520
1 0.058920 0.362862 0.020916 0.024403
1 0.489234 0.505315 0.021296 0.034010
1 0.724002 0.258768 0.017714 0.021483
1 0.496650 0.239438 0.022818 0.034010
1 0.517188 0.254365 0.027764 0.032710
1 0.281768 0.272227 0.020442 0.023367
1 0.185834 0.247595 0.028204 0.037383