1 0.448736 0.582743 0.028500 0.038913
1 0.479832 0.477918 0.033562 0.041770
1 0.500552 0.397888 0.028750 0.041437
1 0.504888 0.336047 0.026470 0.032400
1 0.503392 0.288285 0.025100 0.029857
1 0.367908 0.240127 0.014260 0.018173
1 0.365152 0.201832 0.017114 0.016877
1 0.328072 0.258558 0.020156 0.021290
1 0.250204 0.270502 0.017302 0.023363
1 0.218828 0.240775 0.037460 0.040243
1 0.127106 0.137653 0.023046 0.023367
1 0.259110 0.093538 0.032858 0.041123
1 0.479814 0.095412 0.023958 0.019990
1 0.505008 0.028430 0.017302 0.028820
1 0.697538 0.058807 0.028142 0.032453
1 0.734598 0.173663 0.021486 0.027520
1 0.854646 0.073225 0.028750 0.036137
1 0.874840 0.277443 0.025330 0.028973
1 0.739186 0.298783 0.020080 0.026793
1 0.870552 0.693365 0.024428 0.028483
1 0.958234 0.657125 0.016506 0.025963
1 0.979230 0.644777 0.020730 0.032273
1 0.852740 0.885183 0.018064 0.027260
1 0.878792 0.961252 0.022248 0.028297
1 0.241854 0.789735 0.041804 0.045663
1 0.719640 0.458670 0.031506 0.034087
2 0.634814 0.719652 0.018028 0.020563
1 0.595796 0.685848 0.016202 0.021497
1 0.669042 0.640053 0.016202 0.022120
1 0.567386 0.709683 0.023274 0.023680
2 0.397326 0.884208 0.017746 0.019903
1 0.470138 0.878043 0.030266 0.042620
0 0.365078 0.864847 0.028682 0.029207
0 0.011822 0.583005 0.023642 0.035050
0 0.591330 0.523980 0.024296 0.025600
2 0.613052 0.531192 0.016770 0.024157
1 0.644350 0.546247 0.017298 0.021093
2 0.006152 0.894867 0.012304 0.023913
2 0.228122 0.034510 0.016956 0.019687
2 0.748946 0.100300 0.017608 0.020407
1 0.130848 0.975650 0.024188 0.028973
1 0.076312 0.762397 0.025100 0.037387
1 0.039462 0.742613 0.020310 0.025233
1 0.021778 0.888260 0.014604 0.025547
1 0.262468 0.698280 0.019966 0.026740
1 0.355174 0.551222 0.020124 0.022717
1 0.363970 0.446400 0.016162 0.022500