1 0.202210 0.430970 0.024986 0.028487
0 0.793172 0.017440 0.039252 0.034880
0 0.759758 0.493880 0.026274 0.028693
0 0.675992 0.494513 0.035546 0.029960
0 0.368470 0.823220 0.032554 0.038347
0 0.794140 0.849623 0.035606 0.035247
0 0.590618 0.266913 0.016382 0.021107
1 0.686524 0.970707 0.020606 0.026373
1 0.786080 0.886830 0.018292 0.018993
1 0.847768 0.962793 0.018544 0.020400
1 0.888338 0.978797 0.020864 0.025673
1 0.869148 0.914610 0.015972 0.021807
1 0.878190 0.756190 0.017172 0.023740
1 0.893260 0.792013 0.029878 0.032360
1 0.919842 0.550390 0.037710 0.045153
2 0.816604 0.768153 0.039566 0.043467
1 0.832830 0.526547 0.023178 0.030387
1 0.626000 0.668523 0.019854 0.025647
1 0.696478 0.759633 0.026294 0.024200
1 0.691380 0.595500 0.022896 0.031013
1 0.963024 0.343820 0.020572 0.025400
1 0.979214 0.373130 0.017890 0.019047
1 0.978408 0.407323 0.022002 0.025887
1 0.797168 0.275950 0.032734 0.039567
1 0.825164 0.216850 0.027906 0.035660
1 0.753522 0.180213 0.036314 0.039080
1 0.828740 0.112930 0.027188 0.039807
1 0.795828 0.114517 0.028266 0.033220
2 0.894836 0.062983 0.021646 0.022953
2 0.898234 0.043567 0.020210 0.019293
2 0.703426 0.035500 0.013042 0.019507
2 0.691066 0.027863 0.011928 0.015433
1 0.670074 0.094773 0.018632 0.024427
1 0.504062 0.129133 0.016358 0.017667
1 0.070832 0.885497 0.022896 0.020753
1 0.417732 0.123773 0.014908 0.020760
1 0.554166 0.294050 0.018604 0.024913
1 0.538316 0.543700 0.020390 0.022227
1 0.512556 0.483373 0.037202 0.039320
1 0.455314 0.574840 0.032554 0.037120
1 0.488594 0.714950 0.018886 0.022860
1 0.530130 0.652820 0.021254 0.024027
1 0.407024 0.636557 0.018892 0.022567
2 0.362066 0.472237 0.020704 0.023460
2 0.486138 0.535467 0.016992 0.021320
2 0.537000 0.457720 0.014810 0.017000
0 0.011562 0.395780 0.023124 0.043147
2 0.658020 0.634183 0.018784 0.025887
2 0.688340 0.650060 0.016816 0.023933
2 0.700324 0.688403 0.018248 0.021980
2 0.715796 0.626980 0.020214 0.027107
2 0.846658 0.399400 0.021254 0.027840
2 0.646822 0.304330 0.014668 0.023207
2 0.488328 0.338123 0.017906 0.020073
2 0.680004 0.872970 0.019678 0.027353
2 0.653528 0.856117 0.023970 0.028820
2 0.853986 0.941203 0.024302 0.022793
2 0.389704 0.835023 0.014410 0.017633
2 0.256284 0.946180 0.016044 0.021480
2 0.247370 0.811007 0.035776 0.036640
2 0.027488 0.577747 0.018422 0.025160
2 0.162242 0.296980 0.015566 0.025160
2 0.036596 0.348757 0.017890 0.018807
2 0.282390 0.209933 0.013168 0.017133
2 0.319288 0.242073 0.012920 0.017640
2 0.335994 0.256660 0.015278 0.015267
1 0.108854 0.047167 0.019506 0.024080
1 0.073428 0.907477 0.022364 0.024180
1 0.144800 0.877070 0.017354 0.022953
1 0.006596 0.626377 0.013194 0.025607
1 0.008218 0.589573 0.016436 0.020187
1 0.176866 0.136293 0.022364 0.025947
1 0.255080 0.206663 0.025044 0.027353
1 0.158484 0.240853 0.026118 0.033213
1 0.136928 0.276270 0.032022 0.032727
1 0.338526 0.332077 0.020214 0.025153
0 0.151158 0.042320 0.025244 0.026027
1 0.249090 0.497810 0.029106 0.030633
1 0.152552 0.669057 0.026616 0.035753
1 0.295270 0.661973 0.032768 0.050227
1 0.473780 0.814113 0.027510 0.032080
1 0.380274 0.851250 0.020400 0.017727
1 0.560944 0.848087 0.020708 0.026587
1 0.565734 0.821077 0.022876 0.025740
1 0.366208 0.957183 0.020092 0.023633
0 0.069864 0.453513 0.038282 0.051653