1 0.676032 0.901462 0.015682 0.016277
1 0.361952 0.401967 0.023660 0.025840
1 0.413014 0.346515 0.017742 0.016150
1 0.150080 0.258418 0.017304 0.025963
1 0.224526 0.181050 0.031184 0.050887
1 0.239358 0.140563 0.036128 0.048833
1 0.285850 0.196498 0.029854 0.039203
1 0.423172 0.120058 0.045180 0.055330
1 0.387848 0.155013 0.017800 0.016073
1 0.375938 0.100243 0.016978 0.023180
1 0.416324 0.007688 0.023274 0.015377
1 0.583090 0.103605 0.053400 0.057590
1 0.507576 0.212950 0.028388 0.038113
1 0.672708 0.180003 0.024604 0.029073
1 0.763792 0.087300 0.025078 0.040053
1 0.706332 0.311537 0.018698 0.023367
1 0.638850 0.512537 0.020918 0.023107
1 0.664900 0.514458 0.020538 0.024403
1 0.555152 0.406805 0.039432 0.036263
1 0.539954 0.355587 0.040798 0.053460
1 0.879952 0.319203 0.033842 0.040827
2 0.910018 0.453567 0.028256 0.034093
1 0.860586 0.627548 0.019966 0.026483
1 0.878556 0.633520 0.017874 0.025440
1 0.947788 0.768133 0.018090 0.019833
1 0.885870 0.874632 0.015848 0.019290
1 0.879532 0.891218 0.019544 0.019650
2 0.780040 0.787075 0.009904 0.013270
1 0.642468 0.913982 0.027236 0.034303
2 0.638554 0.840063 0.011772 0.013973
1 0.688292 0.818827 0.013938 0.015900
2 0.626814 0.724617 0.011386 0.014400
1 0.574758 0.612832 0.015512 0.017317
2 0.632574 0.669783 0.011004 0.014900
1 0.471620 0.766113 0.016320 0.018820
1 0.459656 0.697205 0.019332 0.025963
1 0.469448 0.628752 0.009506 0.011037
2 0.604054 0.973178 0.028610 0.034057
1 0.034860 0.480810 0.010994 0.012913
1 0.021658 0.439348 0.014744 0.019230
1 0.122518 0.417290 0.048604 0.071033
1 0.395618 0.662860 0.027554 0.035447
2 0.318710 0.669715 0.012124 0.011370
1 0.041420 0.977305 0.018198 0.019070
1 0.143284 0.828883 0.038090 0.048153