0 0.081800 0.186150 0.027544 0.034927
0 0.112016 0.618267 0.019140 0.033427
0 0.354932 0.784417 0.026788 0.034820
0 0.927110 0.337327 0.035206 0.028427
1 0.847648 0.213963 0.027368 0.032727
1 0.805342 0.293343 0.025400 0.032727
1 0.935566 0.245350 0.021826 0.027113
0 0.995224 0.192597 0.009122 0.025153
1 0.943128 0.503417 0.027818 0.028833
1 0.820872 0.754933 0.021646 0.029800
1 0.173624 0.640967 0.023252 0.032160
1 0.147930 0.416897 0.018780 0.025153
1 0.359794 0.357450 0.019678 0.026127
1 0.557884 0.431580 0.019536 0.029893
1 0.576128 0.482720 0.020820 0.033120
1 0.608328 0.491073 0.023394 0.028720
1 0.621636 0.540897 0.028974 0.035167
1 0.612092 0.416943 0.015610 0.017073
1 0.613298 0.430490 0.017338 0.015193
2 0.747048 0.718147 0.015630 0.021200
2 0.779086 0.743800 0.021738 0.026707
2 0.956968 0.716243 0.044004 0.051287
2 0.969698 0.529467 0.018672 0.032240
2 0.293288 0.285550 0.021108 0.028327
2 0.227692 0.763893 0.016812 0.020760
2 0.303028 0.819720 0.022060 0.026867
2 0.479460 0.936890 0.016694 0.021980
2 0.535210 0.944623 0.016992 0.019540
1 0.450542 0.992663 0.018486 0.014673
2 0.636128 0.911960 0.020126 0.020960