1 0.077718 0.721655 0.024246 0.019903
1 0.201606 0.816378 0.014512 0.017570
1 0.008290 0.856568 0.008488 0.011217
1 0.243896 0.972428 0.022978 0.021637
1 0.395590 0.911395 0.008398 0.014497
1 0.533246 0.919308 0.023986 0.020637
1 0.414704 0.917528 0.014526 0.012803
1 0.541142 0.880838 0.018618 0.021637
1 0.563790 0.903647 0.015844 0.020013
1 0.879146 0.754185 0.020344 0.024550
1 0.636908 0.518193 0.015022 0.019213
1 0.917284 0.415993 0.020344 0.025193
1 0.838962 0.184503 0.013142 0.016600
1 0.869192 0.183830 0.011172 0.015253
1 0.836248 0.076425 0.013234 0.017757
1 0.817194 0.042778 0.014376 0.018383
1 0.743698 0.049367 0.019396 0.023627
1 0.674308 0.296795 0.018400 0.022430
1 0.654428 0.202358 0.017414 0.015703
1 0.533750 0.100933 0.018344 0.028413
1 0.509928 0.066725 0.011228 0.012337
1 0.570442 0.020740 0.016704 0.019067
1 0.659570 0.065228 0.013692 0.018317
1 0.774464 0.092647 0.014450 0.016353
1 0.358732 0.088233 0.022436 0.025700
1 0.248254 0.096412 0.017876 0.021810
1 0.113626 0.112170 0.014896 0.016227
1 0.088670 0.015462 0.011884 0.017523
1 0.013480 0.017085 0.013946 0.016010
1 0.078322 0.348477 0.017414 0.017947
1 0.213042 0.302942 0.015444 0.019290
1 0.237520 0.420257 0.021688 0.023327
1 0.361792 0.274213 0.013418 0.015700
1 0.410668 0.259072 0.016978 0.021310
1 0.324140 0.240568 0.021358 0.021683
1 0.262838 0.567883 0.025480 0.027000
1 0.108644 0.579608 0.018138 0.020457
1 0.062314 0.513392 0.014588 0.013997
1 0.030572 0.527927 0.015774 0.017227
1 0.002668 0.469515 0.005336 0.014537
2 0.321082 0.563458 0.042308 0.049977
2 0.117476 0.746427 0.040726 0.040673
1 0.319588 0.447777 0.047788 0.059433