2 0.911722 0.764853 0.017280 0.027307
0 0.423880 0.793893 0.037836 0.038040
1 0.746904 0.362707 0.034970 0.055387
0 0.910342 0.985833 0.044102 0.028333
1 0.755586 0.916907 0.049434 0.049373
1 0.856110 0.528293 0.033022 0.039920
1 0.969112 0.577140 0.038868 0.064347
1 0.780876 0.129597 0.048500 0.065753
1 0.250576 0.054350 0.024218 0.044393
1 0.274380 0.066370 0.026044 0.042607
1 0.312114 0.422383 0.033710 0.041327
1 0.173830 0.644067 0.044722 0.061053
1 0.113516 0.747480 0.045586 0.052187
0 0.257814 0.400097 0.027788 0.039447
2 0.638602 0.850963 0.032104 0.038353
2 0.754700 0.981257 0.041850 0.037487
2 0.853742 0.932567 0.036978 0.041880
2 0.923440 0.760867 0.015756 0.019333
2 0.924720 0.776380 0.015922 0.018240
2 0.937480 0.766877 0.016962 0.026540
1 0.835560 0.713827 0.025250 0.028840
2 0.756972 0.696603 0.029170 0.040393
2 0.907458 0.528663 0.032680 0.040313
2 0.974538 0.257227 0.029526 0.034440
2 0.982854 0.156443 0.016342 0.023873
2 0.872634 0.019807 0.042426 0.039613
2 0.537138 0.347773 0.023692 0.031800
2 0.388586 0.171067 0.025454 0.033347
2 0.236204 0.317710 0.034838 0.046207
2 0.107386 0.108987 0.020962 0.020427
2 0.108146 0.119527 0.018960 0.017480
2 0.102004 0.541727 0.041968 0.050720
2 0.042492 0.740397 0.026832 0.029113
2 0.262038 0.755073 0.023394 0.033293
2 0.247110 0.707960 0.027042 0.038733
2 0.432480 0.969863 0.058476 0.060273
2 0.283356 0.958510 0.052632 0.050727