1 0.400412 0.163480 0.018072 0.027813
0 0.891032 0.758958 0.037242 0.045983
0 0.581642 0.448948 0.027732 0.038943
0 0.136906 0.721070 0.021298 0.022067
2 0.613762 0.700845 0.025630 0.033197
2 0.783692 0.597125 0.019206 0.026223
2 0.725536 0.881650 0.020534 0.019940
2 0.391340 0.941362 0.018348 0.024303
2 0.309090 0.226983 0.036890 0.039720
2 0.587322 0.209122 0.022818 0.024143
2 0.370352 0.074355 0.023770 0.025963
2 0.768032 0.067473 0.025958 0.035440
2 0.792678 0.171557 0.020700 0.029160
1 0.353426 0.859823 0.020732 0.032813
1 0.368016 0.887318 0.017958 0.021457
1 0.168378 0.498885 0.011408 0.014277
1 0.349878 0.550545 0.018696 0.021850
1 0.508486 0.612197 0.028586 0.030507
1 0.516862 0.517985 0.022344 0.024223
1 0.600158 0.549613 0.032530 0.036340
1 0.629404 0.515293 0.023328 0.034093
1 0.719534 0.401477 0.024644 0.035440
1 0.813344 0.427497 0.027602 0.040827
1 0.744270 0.675375 0.022818 0.029597
1 0.090874 0.322230 0.017750 0.025747
1 0.303328 0.183320 0.021450 0.025233
1 0.340066 0.214475 0.020538 0.022743
1 0.466952 0.080708 0.018400 0.020190
1 0.510490 0.199595 0.027272 0.028263
1 0.883792 0.260922 0.015442 0.024677
1 0.838872 0.014557 0.020284 0.023800
2 0.412946 0.683862 0.029314 0.033103
1 0.282050 0.312788 0.018786 0.022343