1 0.823796 0.830772 0.027930 0.028710
1 0.458516 0.229317 0.106462 0.113593
1 0.742736 0.492162 0.041638 0.041990
1 0.243736 0.787652 0.036966 0.035143
1 0.247022 0.748772 0.031490 0.031403
1 0.279300 0.719947 0.019714 0.030280
2 0.316708 0.669513 0.067358 0.061687
2 0.982570 0.370342 0.029856 0.036090
1 0.644508 0.246975 0.078464 0.112517
1 0.617696 0.140380 0.066636 0.096367
2 0.538836 0.172412 0.052442 0.071063
1 0.220202 0.425330 0.021292 0.021533
1 0.044150 0.259298 0.016906 0.034990
1 0.058446 0.258002 0.014744 0.021183
2 0.075830 0.708470 0.034776 0.033647