2 0.026496 0.584237 0.050074 0.065327
0 0.885556 0.690097 0.023702 0.031300
1 0.780244 0.896510 0.025976 0.035167
1 0.673604 0.576623 0.033272 0.036047
1 0.513398 0.348360 0.040958 0.054160
1 0.601364 0.260963 0.038638 0.056620
1 0.475188 0.572200 0.028266 0.045920
1 0.128306 0.379520 0.025938 0.029920
1 0.346174 0.827710 0.026792 0.026020
1 0.355910 0.562863 0.048588 0.051660
0 0.377980 0.477783 0.023736 0.030380
2 0.302750 0.972247 0.025576 0.029307
2 0.459714 0.887010 0.024682 0.027353
2 0.384766 0.764287 0.016456 0.024173
2 0.818896 0.711827 0.023956 0.026373
2 0.952584 0.781640 0.019834 0.025320
2 0.871512 0.448477 0.028980 0.036633
2 0.829028 0.342113 0.025938 0.031013
2 0.598848 0.199067 0.027548 0.037120
2 0.614790 0.045247 0.023398 0.029893
0 0.099332 0.368297 0.033740 0.052753