2 0.437162 0.041798 0.016320 0.033750
1 0.566016 0.209028 0.019632 0.025417
1 0.619480 0.111948 0.017304 0.024143
1 0.833930 0.209033 0.034542 0.051033
1 0.280670 0.300273 0.017430 0.024880
2 0.036132 0.180033 0.016600 0.020033
1 0.522570 0.071330 0.022344 0.029207
2 0.558414 0.745832 0.020732 0.021997
1 0.831142 0.656657 0.030120 0.038633
1 0.975924 0.592322 0.032630 0.046423
2 0.800794 0.596683 0.031946 0.045800
1 0.950654 0.955863 0.027888 0.026613
1 0.890596 0.961055 0.020600 0.027477
1 0.129168 0.828857 0.026146 0.030287
1 0.470192 0.675683 0.024826 0.028487
1 0.475738 0.650713 0.021128 0.024700
1 0.148216 0.500617 0.016542 0.021807
1 0.769920 0.687207 0.022818 0.032193
2 0.136142 0.568500 0.015958 0.017153
2 0.419254 0.045587 0.020442 0.030073
1 0.254324 0.009397 0.018066 0.018793
1 0.157108 0.050272 0.021394 0.021850