0 0.662208 0.228802 0.027260 0.030770
2 0.007822 0.516707 0.015644 0.051213
2 0.015082 0.467183 0.030110 0.033787
1 0.036100 0.953138 0.023400 0.029103
1 0.075156 0.924542 0.021018 0.030937
1 0.063050 0.764028 0.045438 0.054443
1 0.127188 0.716760 0.030910 0.040093
1 0.119616 0.596695 0.015764 0.021103
1 0.132444 0.586777 0.017310 0.022367
1 0.176490 0.641428 0.018854 0.022790
1 0.014830 0.501317 0.012674 0.015193
1 0.015544 0.564102 0.021614 0.025643
1 0.008928 0.595242 0.017854 0.032563
1 0.029556 0.599820 0.020720 0.027067
1 0.010848 0.626888 0.021166 0.028290
1 0.326688 0.709173 0.016098 0.019947
1 0.345544 0.693705 0.021914 0.031343
1 0.375730 0.656053 0.016396 0.017093
1 0.393708 0.835847 0.014162 0.015267
1 0.424414 0.784457 0.012968 0.022793
1 0.431272 0.806742 0.016250 0.020150
1 0.442332 0.923158 0.013714 0.016890
1 0.440468 0.976583 0.028770 0.035820
1 0.503144 0.907045 0.041214 0.065063
1 0.619062 0.903458 0.012448 0.019637
1 0.682384 0.883383 0.018890 0.022273
1 0.724670 0.833122 0.017602 0.024910
1 0.741950 0.827698 0.012666 0.021103
1 0.751072 0.829750 0.012448 0.015240
1 0.728856 0.864480 0.012664 0.014947
1 0.753650 0.881030 0.017172 0.019360
1 0.759014 0.875617 0.015026 0.022567
1 0.766206 0.849825 0.016958 0.027257
1 0.778012 0.854953 0.015240 0.022860
1 0.795828 0.866825 0.020394 0.017877
1 0.793144 0.884117 0.022324 0.022567
1 0.741834 0.729770 0.013714 0.013633
1 0.519288 0.770057 0.007080 0.010853
1 0.565808 0.726723 0.016396 0.021540
1 0.604216 0.737198 0.046508 0.053937
1 0.749284 0.647863 0.012522 0.014653
1 0.738282 0.610497 0.018782 0.021007
1 0.885596 0.627500 0.020608 0.022273
1 0.685862 0.537175 0.015884 0.017877
1 0.864024 0.506255 0.019748 0.025790
1 0.787922 0.522280 0.022002 0.025400
1 0.826660 0.461120 0.024506 0.028573
1 0.846762 0.355625 0.020920 0.029170
1 0.990980 0.359875 0.018240 0.034023
1 0.798854 0.264353 0.024042 0.022567
1 0.748626 0.260103 0.016314 0.015827
1 0.693566 0.372642 0.023398 0.026377
1 0.661262 0.430965 0.027906 0.028723
1 0.622518 0.446790 0.014380 0.015240
1 0.533586 0.313207 0.020820 0.020513
1 0.568574 0.277598 0.020820 0.023737
1 0.393258 0.386335 0.023958 0.023917
1 0.341638 0.535803 0.016484 0.020400
1 0.339836 0.551453 0.019060 0.015120
1 0.324354 0.488852 0.013396 0.017937
1 0.344832 0.267992 0.011076 0.010903
1 0.383084 0.243373 0.014942 0.015827
1 0.277874 0.244428 0.017798 0.016530
1 0.158598 0.412537 0.037348 0.041147
1 0.105820 0.303302 0.033742 0.036223
1 0.164420 0.190198 0.018548 0.026023
1 0.114062 0.068550 0.030652 0.037280
1 0.220058 0.095277 0.022666 0.024620
1 0.296044 0.009657 0.025244 0.019313
1 0.526918 0.143692 0.016074 0.016037
1 0.566020 0.063717 0.015764 0.016460
1 0.803556 0.164003 0.018890 0.024327
1 0.805810 0.188913 0.023826 0.029600
1 0.830924 0.180415 0.015672 0.016703
1 0.827920 0.200052 0.017818 0.019050
1 0.830602 0.156383 0.013738 0.016707
1 0.818582 0.149935 0.014594 0.018463
1 0.901332 0.009103 0.016022 0.016773
1 0.997208 0.086770 0.005874 0.026253
1 0.933646 0.230433 0.016558 0.026253