1 0.166030 0.256190 0.008573 0.020567
1 0.193707 0.245572 0.009430 0.028423
2 0.146307 0.187653 0.007349 0.018560
1 0.112910 0.174928 0.006931 0.020550
1 0.032911 0.203293 0.006907 0.021267
1 0.014249 0.363718 0.007286 0.016050
1 0.001323 0.393145 0.002645 0.016050
1 0.103948 0.096838 0.008905 0.023837
1 0.247227 0.215492 0.006857 0.025310
1 0.281631 0.291598 0.010175 0.031197
2 0.305189 0.228148 0.006476 0.023577
1 0.307711 0.103975 0.010581 0.025883
1 0.427918 0.137345 0.010411 0.024963
1 0.422712 0.256265 0.008126 0.023577
1 0.356204 0.471698 0.006965 0.020950
1 0.255862 0.349362 0.011550 0.028650
2 0.400198 0.979467 0.010370 0.023067
1 0.290029 0.447597 0.010405 0.029613
1 0.305583 0.561073 0.008112 0.020707
1 0.300822 0.609950 0.008817 0.028413
1 0.269592 0.681358 0.011216 0.030337
1 0.194088 0.544822 0.010493 0.025523
1 0.055430 0.632600 0.008368 0.022433
1 0.101727 0.942957 0.010409 0.024247
1 0.362571 0.866532 0.009246 0.017223
1 0.354803 0.529540 0.011241 0.027487
1 0.307307 0.735540 0.012271 0.031700
0 0.464312 0.733413 0.013713 0.037447
0 0.133975 0.082130 0.023658 0.044147
2 0.339792 0.672130 0.004999 0.012087
2 0.336815 0.678607 0.004967 0.014433
2 0.257416 0.717650 0.004967 0.013033
2 0.259326 0.726523 0.005159 0.016347
2 0.263800 0.725047 0.006719 0.020693
2 0.022043 0.349532 0.015131 0.031403
2 0.232808 0.085013 0.005291 0.014847
2 0.240948 0.087100 0.004695 0.010967
2 0.239827 0.079722 0.004578 0.010563
2 0.241392 0.068878 0.006230 0.014997
2 0.386140 0.034623 0.008677 0.023693
2 0.369659 0.085283 0.009611 0.033467
2 0.427994 0.336308 0.005028 0.017890
2 0.407349 0.286798 0.006399 0.017890
1 0.441663 0.322123 0.008207 0.023107
2 0.413889 0.396560 0.005205 0.012880
2 0.444199 0.384350 0.007408 0.020567
2 0.464253 0.219775 0.007705 0.020203
1 0.464213 0.344988 0.005656 0.017650
1 0.466956 0.336860 0.006464 0.015793
1 0.469273 0.345395 0.005995 0.015443
1 0.435048 0.426872 0.005951 0.015650
1 0.469205 0.600897 0.006797 0.020900
1 0.404562 0.742497 0.005867 0.013940
1 0.385976 0.713333 0.008363 0.021773
1 0.431036 0.767983 0.006614 0.019060
1 0.438421 0.821958 0.007128 0.020263
2 0.464616 0.775908 0.008671 0.017657
1 0.381620 0.904050 0.005634 0.014380
1 0.420657 0.965192 0.004578 0.010643
1 0.276322 0.944080 0.006272 0.012773
1 0.280239 0.766042 0.007471 0.020063
1 0.183842 0.780725 0.009185 0.023277
1 0.039238 0.975700 0.005492 0.013933
1 0.073096 0.565643 0.005289 0.014733
1 0.044581 0.478677 0.010264 0.023980
1 0.010881 0.498035 0.005925 0.018203
1 0.094030 0.381967 0.006613 0.020267
1 0.142792 0.514853 0.008143 0.021067
1 0.146252 0.568023 0.006246 0.017387
1 0.194834 0.501765 0.007297 0.023130
1 0.220273 0.458662 0.005911 0.015210
1 0.180369 0.364392 0.006072 0.017277
2 0.172408 0.386408 0.011073 0.020343
1 0.165295 0.309193 0.013961 0.026920
1 0.169918 0.272575 0.007532 0.022237
