1 0.178400 0.909467 0.008081 0.020553
1 0.224353 0.886103 0.006338 0.017093
1 0.247806 0.835910 0.007448 0.020553
1 0.393090 0.911342 0.006465 0.015577
1 0.423610 0.932500 0.005325 0.012720
1 0.439202 0.960540 0.008557 0.023627
1 0.451959 0.853520 0.007448 0.014927
1 0.393843 0.778122 0.005942 0.017310
1 0.375145 0.779852 0.006417 0.014277
1 0.374268 0.629487 0.006735 0.019833
1 0.404019 0.640935 0.009838 0.030830
1 0.416884 0.647948 0.012059 0.029297
1 0.432657 0.663287 0.009308 0.030427
1 0.477890 0.607247 0.007606 0.024447
1 0.490646 0.629315 0.004596 0.012330
1 0.475947 0.492735 0.010168 0.026503
1 0.456893 0.392743 0.007726 0.024880
1 0.443655 0.354252 0.006074 0.017850
1 0.402289 0.363357 0.008121 0.020193
1 0.378195 0.101482 0.004753 0.014497
1 0.368509 0.069180 0.008087 0.020953
1 0.373110 0.057093 0.006974 0.016953
1 0.271515 0.182548 0.006272 0.016083
1 0.292880 0.206417 0.006400 0.012347
1 0.237275 0.274345 0.006038 0.015963
1 0.197083 0.111613 0.008121 0.023260
1 0.176639 0.222432 0.004489 0.015130
1 0.123298 0.185762 0.005272 0.013563
1 0.043926 0.067538 0.005234 0.012623
1 0.040438 0.143245 0.007489 0.015443
1 0.032736 0.221570 0.005894 0.013913
1 0.052094 0.293470 0.005583 0.012833
1 0.078209 0.356085 0.005619 0.013357
1 0.118351 0.421790 0.007067 0.016173
1 0.173594 0.611502 0.005354 0.015650
1 0.239067 0.698100 0.005039 0.011693
1 0.279629 0.596158 0.005520 0.013103
1 0.298085 0.445848 0.010104 0.029263
1 0.299359 0.418258 0.014916 0.034997
1 0.308141 0.382212 0.004937 0.012237
1 0.358847 0.532950 0.010096 0.021900
0 0.475602 0.317417 0.027108 0.062433
2 0.170290 0.762887 0.009838 0.025060
1 0.079156 0.733553 0.005150 0.012980
1 0.008245 0.793482 0.007844 0.025530
1 0.027557 0.965680 0.008649 0.024160
1 0.038451 0.960812 0.005613 0.012623
1 0.034501 0.688595 0.005863 0.013630
1 0.003720 0.634290 0.005150 0.011900
1 0.120432 0.638255 0.006383 0.016077
1 0.160065 0.766547 0.005863 0.017740
1 0.205917 0.766395 0.005071 0.013630
