1 0.408284 0.600468 0.006493 0.013823
1 0.407955 0.574777 0.006713 0.020133
1 0.486868 0.191485 0.009111 0.024230
1 0.324033 0.287825 0.009033 0.022717
1 0.319200 0.183222 0.010142 0.025097
1 0.263788 0.297785 0.006987 0.016677
0 0.170745 0.243773 0.004585 0.014147
1 0.081085 0.353030 0.006768 0.017580
1 0.030638 0.299615 0.006831 0.019157
1 0.021996 0.297923 0.008528 0.017527
1 0.035870 0.505287 0.004585 0.011520
1 0.043003 0.649652 0.007686 0.019903
1 0.013013 0.816492 0.008451 0.021457
1 0.070767 0.757433 0.007290 0.019033
1 0.077232 0.743787 0.008849 0.020533
1 0.088534 0.739278 0.008345 0.019530
1 0.085210 0.756432 0.007290 0.017277
1 0.118799 0.713797 0.008584 0.021273
1 0.135914 0.923297 0.005778 0.014273
1 0.106177 0.928185 0.007196 0.015390
1 0.304471 0.844043 0.008749 0.022987
1 0.127330 0.996283 0.006649 0.007433
2 0.172144 0.049933 0.006257 0.009540
2 0.169988 0.056605 0.004910 0.010323
1 0.098841 0.050770 0.006327 0.013373
1 0.395804 0.032743 0.007657 0.016653
1 0.489088 0.782810 0.004886 0.011813
1 0.472746 0.713148 0.008483 0.023290
1 0.475961 0.662100 0.005955 0.014607
1 0.472136 0.555480 0.006686 0.017213
