1 0.322748 0.358500 0.005441 0.014247
0 0.381185 0.207918 0.010269 0.025703
0 0.425586 0.253223 0.007036 0.019213
0 0.410269 0.650198 0.012169 0.033723
0 0.026288 0.038885 0.010039 0.022430
0 0.098893 0.107822 0.008398 0.019470
2 0.365851 0.523138 0.005751 0.014397
2 0.399386 0.547248 0.007202 0.017077
2 0.377496 0.988562 0.004331 0.011130
2 0.385775 0.992933 0.005668 0.014133
2 0.412140 0.934107 0.006470 0.016253
2 0.492410 0.932153 0.007375 0.014840
2 0.435928 0.714283 0.007893 0.017313
2 0.428077 0.703330 0.007634 0.017787
2 0.426935 0.719230 0.006814 0.012840
2 0.385795 0.757815 0.009391 0.034437
2 0.354286 0.710557 0.005903 0.013773
2 0.345968 0.869697 0.004292 0.009087
2 0.302018 0.740743 0.005903 0.017293
2 0.289407 0.901642 0.005151 0.011430
2 0.265043 0.886695 0.004938 0.012017
2 0.266063 0.822365 0.005688 0.016997
2 0.250018 0.811082 0.007943 0.021983
2 0.198286 0.890857 0.005903 0.013480
2 0.162288 0.934525 0.006869 0.016997
2 0.156332 0.943317 0.007191 0.015240
2 0.157083 0.959143 0.007191 0.016413
2 0.029354 0.987322 0.005176 0.012957
2 0.026205 0.993720 0.005521 0.012560
2 0.022021 0.996310 0.004658 0.007380
2 0.048884 0.780878 0.006211 0.014417
2 0.030903 0.751453 0.006895 0.014247
2 0.209398 0.560030 0.004769 0.015060
2 0.194976 0.519632 0.009019 0.020963
2 0.170752 0.506097 0.009465 0.021980
2 0.088737 0.350828 0.005143 0.013230
2 0.166362 0.314092 0.004473 0.010177
2 0.018549 0.215067 0.008229 0.020273
2 0.267736 0.356445 0.005155 0.014077
2 0.322266 0.307487 0.006697 0.015473
2 0.370692 0.314345 0.005409 0.012310
2 0.274548 0.110190 0.006052 0.014067
2 0.293738 0.056555 0.007084 0.019343
2 0.323291 0.145248 0.004248 0.014450
2 0.333472 0.173947 0.007603 0.015673
2 0.454503 0.213573 0.007950 0.019673
2 0.460060 0.372403 0.005952 0.015900
2 0.447526 0.446628 0.005283 0.012663
2 0.370473 0.440400 0.004720 0.010687
2 0.325346 0.529108 0.006263 0.016397
1 0.174434 0.765507 0.007764 0.018020
1 0.170173 0.841630 0.005125 0.013993
1 0.102819 0.952025 0.006261 0.020517
1 0.050318 0.908063 0.007155 0.021980
1 0.014416 0.528820 0.007440 0.014233
1 0.072017 0.408048 0.006490 0.019837
1 0.124844 0.259982 0.007333 0.019317
1 0.102802 0.150897 0.004883 0.012433
1 0.262164 0.236853 0.005642 0.018800
1 0.267263 0.237348 0.006005 0.019503
1 0.296446 0.131783 0.006261 0.016607
1 0.263264 0.076100 0.008944 0.021493
1 0.342223 0.167380 0.004219 0.013153
1 0.345006 0.172698 0.004443 0.012337
1 0.462891 0.064148 0.005895 0.016490
1 0.446172 0.295735 0.005441 0.018523
1 0.483923 0.288510 0.005217 0.014247
1 0.390628 0.552337 0.005714 0.016113
1 0.304047 0.508922 0.005867 0.013543
1 0.173882 0.465237 0.006340 0.015547
1 0.269880 0.687050 0.005068 0.013840
1 0.264708 0.779450 0.005889 0.017500
1 0.292017 0.842745 0.006112 0.017097
1 0.289595 0.863913 0.005591 0.014653
1 0.294067 0.864015 0.004696 0.014043
1 0.444133 0.865897 0.005900 0.018233
1 0.393596 0.788092 0.007040 0.016537
1 0.460034 0.796395 0.004708 0.012957
1 0.461508 0.765870 0.006865 0.019827
1 0.471520 0.649740 0.009618 0.026147
2 0.043617 0.279735 0.008757 0.017637
