2 0.101575 0.773860 0.008944 0.023933
2 0.126931 0.651258 0.009570 0.028817
2 0.064637 0.617677 0.008765 0.019780
2 0.050989 0.601950 0.005903 0.018073
2 0.072678 0.565668 0.006171 0.014923
2 0.051848 0.541868 0.007601 0.017583
0 0.145132 0.576598 0.019677 0.041763
2 0.024756 0.802875 0.007782 0.020270
2 0.237250 0.925843 0.008719 0.021167
2 0.324078 0.987462 0.005331 0.010883
2 0.342808 0.859533 0.007985 0.020047
2 0.392496 0.991230 0.007369 0.017540
2 0.418419 0.868978 0.006056 0.013710
2 0.485343 0.692563 0.007712 0.024027
2 0.322150 0.683468 0.005739 0.017910
2 0.344138 0.700972 0.008124 0.017097
2 0.245591 0.757705 0.005930 0.014330
2 0.138807 0.477407 0.009058 0.023320
2 0.061205 0.400902 0.010197 0.017243
2 0.005084 0.238792 0.005031 0.010517
2 0.027245 0.207995 0.006298 0.018137
2 0.043743 0.202282 0.006686 0.015430
2 0.109192 0.175387 0.009058 0.026007
2 0.151246 0.297318 0.007919 0.018797
2 0.197111 0.259315 0.010186 0.024930
2 0.176324 0.233957 0.008087 0.017373
2 0.186334 0.210008 0.004961 0.012463
2 0.187296 0.158708 0.008436 0.015830
2 0.244282 0.147457 0.007549 0.017313
2 0.244951 0.126138 0.008196 0.020610
2 0.239687 0.299273 0.007019 0.016620
2 0.268903 0.223412 0.007557 0.019363
2 0.381979 0.308037 0.007429 0.015860
2 0.422045 0.276172 0.006528 0.020517
2 0.420480 0.310852 0.007334 0.019050
2 0.445701 0.294002 0.007513 0.024423
2 0.465512 0.417947 0.006171 0.013433
2 0.464305 0.345657 0.006261 0.017340
2 0.381031 0.463092 0.007975 0.020150
2 0.395974 0.520700 0.007505 0.017787
2 0.421013 0.559922 0.005651 0.014957
2 0.438956 0.554503 0.005048 0.013307
2 0.380247 0.638147 0.005392 0.013333
1 0.190993 0.780913 0.008944 0.020013
1 0.175124 0.848838 0.007391 0.017810
1 0.157422 0.771862 0.009644 0.019243
1 0.175505 0.934932 0.007975 0.022283
1 0.087835 0.984643 0.008795 0.021167
1 0.082767 0.915750 0.008497 0.018520
1 0.029088 0.643232 0.009690 0.026050
1 0.044442 0.627743 0.007007 0.019133
1 0.087410 0.630817 0.008572 0.024420
1 0.060772 0.494597 0.005516 0.014247
1 0.149401 0.453825 0.008501 0.022157
1 0.157128 0.453823 0.006954 0.020047
1 0.025722 0.349490 0.009391 0.021493
1 0.017360 0.277197 0.006797 0.018073
1 0.113516 0.218338 0.005903 0.017097
1 0.117361 0.211013 0.006439 0.016120
1 0.100323 0.177310 0.007959 0.014653
1 0.070513 0.039027 0.008766 0.020273
1 0.053923 0.020440 0.006708 0.015873
1 0.040398 0.067610 0.011270 0.023740
1 0.143474 0.161675 0.008497 0.016690
1 0.173928 0.064777 0.007677 0.021780
1 0.250930 0.058957 0.008765 0.017340
1 0.251569 0.074953 0.008971 0.021493
1 0.181060 0.289043 0.007513 0.023447
1 0.122709 0.261768 0.007454 0.020557
1 0.194479 0.577545 0.010145 0.023603
1 0.254166 0.977668 0.008075 0.017977
1 0.236806 0.967577 0.008260 0.018147
1 0.287910 0.823805 0.007205 0.015943
1 0.304897 0.742717 0.009316 0.022220
1 0.315212 0.666358 0.006676 0.018797
1 0.364015 0.672153 0.006729 0.018373
1 0.361213 0.966652 0.007379 0.019743
1 0.372579 0.972655 0.008198 0.018723
1 0.452438 0.968807 0.008239 0.021907
1 0.437418 0.821955 0.006003 0.014037
1 0.430598 0.591140 0.006522 0.018513
1 0.394356 0.500997 0.006832 0.016253
1 0.409558 0.421707 0.005952 0.013147
1 0.440820 0.406018 0.006262 0.015690
1 0.490201 0.455803 0.005952 0.014133
1 0.497124 0.460692 0.005908 0.016370
1 0.427665 0.347627 0.011614 0.022727
1 0.358922 0.276800 0.006273 0.015773
1 0.373672 0.274767 0.007701 0.021200
1 0.320721 0.201488 0.006772 0.013910
1 0.458187 0.213348 0.005740 0.018317
1 0.450032 0.171123 0.012128 0.030187
1 0.256843 0.056400 0.008820 0.025780
1 0.285165 0.090915 0.016150 0.044943
1 0.370524 0.102077 0.006439 0.013480
2 0.086952 0.699493 0.011538 0.025647
