1 0.337426 0.730630 0.011360 0.028673
0 0.100077 0.222087 0.012305 0.035213
0 0.106966 0.212430 0.014000 0.040040
0 0.377866 0.326413 0.009991 0.019800
0 0.070947 0.877148 0.008047 0.015937
1 0.005161 0.920017 0.007959 0.018713
1 0.110502 0.670997 0.010823 0.031987
1 0.142003 0.531153 0.009550 0.018427
1 0.143085 0.479172 0.014515 0.037550
1 0.229604 0.555723 0.011566 0.026367
1 0.212786 0.421860 0.011672 0.031000
1 0.049209 0.328215 0.011885 0.026077
1 0.044858 0.525097 0.018040 0.035640
1 0.072765 0.179458 0.016128 0.045490
1 0.266482 0.176547 0.012937 0.028120
1 0.272545 0.347178 0.010699 0.023663
1 0.222585 0.150873 0.009108 0.024147
1 0.348233 0.322708 0.008383 0.024050
1 0.352000 0.417310 0.010824 0.021440
1 0.427170 0.604522 0.010522 0.025597
1 0.494226 0.705442 0.011716 0.030583
1 0.440220 0.932452 0.014811 0.032597
1 0.344539 0.874803 0.009727 0.020727
1 0.443001 0.267703 0.008239 0.023333
1 0.416943 0.196272 0.013042 0.030783
1 0.425464 0.085585 0.013087 0.029457
1 0.439612 0.070495 0.006013 0.017143
2 0.071403 0.605122 0.006951 0.017350
2 0.084087 0.372507 0.006897 0.017147
2 0.055146 0.199770 0.008666 0.021247
1 0.179820 0.315107 0.024027 0.058400
2 0.282819 0.301978 0.009904 0.023663
2 0.364773 0.211665 0.008179 0.016097
2 0.357149 0.308972 0.010194 0.025150
2 0.328911 0.425337 0.011354 0.022020
2 0.412656 0.333205 0.010342 0.027037
2 0.343080 0.576053 0.010699 0.023180
2 0.426939 0.423672 0.014166 0.035310
2 0.375550 0.427697 0.010839 0.018433
2 0.304938 0.024670 0.008804 0.017027
2 0.306657 0.037440 0.008116 0.016027
2 0.201242 0.604855 0.013280 0.035143
