1 0.272693 0.358347 0.010061 0.021540
1 0.445052 0.899853 0.008586 0.023447
1 0.450414 0.942532 0.007728 0.015123
1 0.479843 0.800448 0.007084 0.020750
1 0.417250 0.792183 0.010690 0.021100
1 0.380287 0.796933 0.009143 0.020047
1 0.282379 0.961487 0.008887 0.026027
1 0.243483 0.995163 0.007599 0.009673
1 0.205748 0.967502 0.012235 0.023210
1 0.267632 0.832593 0.015198 0.036227
1 0.263060 0.750297 0.011205 0.028487
1 0.053986 0.867352 0.008372 0.023443
1 0.021626 0.962015 0.010840 0.020517
1 0.005536 0.664642 0.007334 0.023203
1 0.004821 0.627642 0.006619 0.017097
1 0.007280 0.607370 0.006350 0.017587
1 0.043905 0.589543 0.011807 0.025400
1 0.082319 0.563775 0.009033 0.025157
1 0.052760 0.511998 0.009480 0.021737
1 0.060362 0.490507 0.010553 0.023200
1 0.025391 0.462543 0.011090 0.022960
1 0.045963 0.404050 0.014310 0.035413
1 0.145760 0.593592 0.012021 0.033410
1 0.179890 0.592565 0.007942 0.024910
1 0.143077 0.518272 0.009016 0.019343
1 0.213806 0.416868 0.010304 0.019343
1 0.255287 0.531167 0.007836 0.020513
1 0.161920 0.358583 0.004844 0.013840
1 0.193820 0.348712 0.008719 0.020963
1 0.079405 0.309330 0.011031 0.024627
1 0.061479 0.274732 0.006484 0.015263
1 0.038002 0.262520 0.008868 0.018113
1 0.025190 0.221612 0.016173 0.034397
1 0.068188 0.214692 0.005590 0.012010
1 0.074978 0.192610 0.010808 0.027680
1 0.029766 0.165643 0.011776 0.024220
1 0.013335 0.101625 0.008076 0.027303
1 0.105555 0.093432 0.014382 0.032530
2 0.142338 0.118538 0.008191 0.020257
2 0.180867 0.288502 0.008694 0.019343
2 0.284359 0.335548 0.006366 0.015970
1 0.254464 0.313062 0.013478 0.033750
1 0.284028 0.385838 0.010497 0.018823
1 0.293531 0.329783 0.009254 0.022727
1 0.282924 0.288775 0.005441 0.013430
1 0.257546 0.205738 0.005963 0.017097
1 0.300543 0.593572 0.009019 0.015877
1 0.328141 0.458192 0.009338 0.019343
1 0.376384 0.555932 0.010303 0.019050
1 0.461298 0.640148 0.007727 0.022510
1 0.496522 0.619575 0.006826 0.020043
1 0.450720 0.519150 0.004663 0.010767
1 0.478684 0.439863 0.007471 0.022860
1 0.449424 0.526235 0.005046 0.011190
1 0.447626 0.321557 0.006212 0.015973
1 0.468459 0.309685 0.005435 0.012297
1 0.368698 0.117190 0.008723 0.020487
1 0.382037 0.030442 0.006709 0.017503
