1 0.297117 0.195723 0.017108 0.027053
1 0.238018 0.204533 0.009044 0.018247
1 0.358665 0.233818 0.010369 0.023437
1 0.313269 0.092760 0.014573 0.034447
1 0.322556 0.410637 0.017717 0.036420
1 0.005096 0.352433 0.010193 0.043253
1 0.181841 0.458982 0.010367 0.028970
1 0.166579 0.468550 0.009413 0.024247
1 0.159792 0.515192 0.014960 0.032877
1 0.200088 0.563523 0.016025 0.047020
1 0.181776 0.648170 0.011981 0.025480
1 0.157122 0.610735 0.013248 0.039950
1 0.120833 0.626543 0.009677 0.022493
1 0.073779 0.725950 0.008236 0.021707
1 0.060010 0.790745 0.007900 0.015203
1 0.101164 0.818235 0.010533 0.027857
1 0.106594 0.991328 0.018872 0.017343
1 0.238062 0.949980 0.007521 0.015840
1 0.306353 0.649378 0.008534 0.022583
1 0.366195 0.772515 0.009504 0.026477
2 0.476266 0.591477 0.008361 0.015807
1 0.444239 0.606617 0.011281 0.028313
1 0.402599 0.569472 0.010450 0.023783
1 0.358330 0.443158 0.010081 0.025323
1 0.362391 0.499783 0.014976 0.024380
1 0.408760 0.472728 0.010714 0.022490
1 0.491555 0.416800 0.010784 0.030200
1 0.436105 0.303775 0.015601 0.030670
1 0.433344 0.322518 0.012001 0.023070
1 0.361919 0.279277 0.013420 0.026267
1 0.367103 0.264177 0.011462 0.022493
1 0.353855 0.253795 0.009275 0.021550
0 0.077977 0.042268 0.014631 0.026637
2 0.390547 0.983668 0.011447 0.030577
2 0.192408 0.779307 0.017544 0.043960
2 0.099975 0.743698 0.013138 0.027997
2 0.317750 0.701690 0.013245 0.032407
2 0.141003 0.544557 0.008625 0.018120
1 0.071239 0.101313 0.012542 0.025113
1 0.104086 0.113218 0.009675 0.033270
1 0.123196 0.225905 0.013258 0.032290
1 0.095784 0.276950 0.011945 0.030660
1 0.103966 0.276623 0.010869 0.033920
1 0.115850 0.279885 0.010511 0.023483
1 0.114775 0.299782 0.010510 0.027397
1 0.164941 0.210903 0.012661 0.033593
1 0.177947 0.136407 0.008793 0.017213
1 0.176289 0.121230 0.009954 0.020840
1 0.211757 0.076882 0.010369 0.026237
1 0.286921 0.176142 0.010195 0.020603
