1 0.159545 0.206500 0.004702 0.013427
0 0.434373 0.752203 0.016849 0.036340
1 0.444265 0.308027 0.008124 0.021980
1 0.471245 0.394933 0.011553 0.026460
1 0.401222 0.219292 0.009988 0.025237
1 0.384350 0.104797 0.005004 0.011307
1 0.291331 0.061865 0.009838 0.017910
1 0.269903 0.068683 0.008719 0.017300
1 0.272401 0.226540 0.007144 0.015960
1 0.273705 0.242218 0.007516 0.018823
1 0.281053 0.257790 0.008375 0.018747
1 0.274026 0.267063 0.008267 0.017667
1 0.267394 0.280805 0.006649 0.018257
1 0.263333 0.285908 0.007368 0.018257
1 0.256863 0.291552 0.008015 0.019137
1 0.216937 0.300037 0.008820 0.021707
1 0.176161 0.310297 0.006646 0.016113
1 0.204143 0.168235 0.006418 0.016397
1 0.124439 0.167167 0.006039 0.014233
1 0.080999 0.293698 0.012681 0.029257
1 0.102612 0.590970 0.007505 0.014700
1 0.026939 0.626667 0.006512 0.016253
1 0.034012 0.613240 0.005220 0.014133
1 0.019815 0.691887 0.005355 0.013740
1 0.016238 0.918112 0.005714 0.013543
1 0.088690 0.904025 0.005122 0.012103
1 0.114502 0.717720 0.004348 0.011167
1 0.236334 0.884723 0.007356 0.018093
1 0.246865 0.745973 0.004813 0.012153
1 0.243769 0.734373 0.004882 0.012680
1 0.224680 0.658218 0.009213 0.021737
1 0.283392 0.660905 0.007504 0.014897
1 0.282359 0.683008 0.006886 0.016610
2 0.268898 0.682642 0.008944 0.018803
1 0.305231 0.715585 0.009093 0.024017
1 0.383468 0.678113 0.008264 0.021393
1 0.344778 0.596417 0.005590 0.012380
1 0.335325 0.514023 0.008260 0.016960
1 0.396457 0.504623 0.005992 0.011233
2 0.401028 0.480452 0.005302 0.012677
1 0.480529 0.579577 0.010553 0.023447
1 0.069927 0.394573 0.003789 0.009667
1 0.228850 0.558505 0.005068 0.012823
1 0.345859 0.332450 0.005679 0.013740
1 0.376686 0.270068 0.010662 0.025583
1 0.184664 0.057045 0.009689 0.024083
1 0.032778 0.176693 0.009874 0.022860
1 0.023547 0.148260 0.008372 0.017573
1 0.255920 0.482227 0.006619 0.018073
