1 0.460428 0.951218 0.010698 0.028797
1 0.454084 0.758073 0.008871 0.022073
1 0.389320 0.819715 0.011040 0.026917
1 0.340398 0.920590 0.007361 0.019907
1 0.309613 0.973378 0.008557 0.020337
1 0.138750 0.942882 0.009983 0.019990
1 0.101432 0.965600 0.010839 0.026480
1 0.072529 0.910298 0.005134 0.016097
1 0.063318 0.845213 0.006973 0.020987
1 0.133057 0.654218 0.009983 0.035050
1 0.163061 0.622560 0.010172 0.023887
1 0.231306 0.707668 0.007461 0.018570
1 0.269518 0.641175 0.006179 0.015057
1 0.208241 0.574842 0.006274 0.014797
1 0.165162 0.508642 0.010233 0.021637
1 0.055729 0.533278 0.006371 0.015837
1 0.035383 0.517958 0.005229 0.011163
1 0.023110 0.503740 0.004890 0.010853
1 0.107019 0.454985 0.006960 0.019003
1 0.133982 0.317453 0.008833 0.018433
1 0.209485 0.250263 0.007527 0.024520
1 0.201066 0.201585 0.005348 0.013343
1 0.099629 0.175063 0.008398 0.019687
1 0.125862 0.047633 0.010221 0.031153
1 0.101499 0.028918 0.006973 0.018390
1 0.231904 0.076798 0.009469 0.020563
1 0.245367 0.126178 0.006503 0.015890
1 0.285747 0.094807 0.007097 0.017880
1 0.350815 0.154243 0.007394 0.014580
1 0.346981 0.042087 0.009309 0.028787
1 0.425909 0.263063 0.008748 0.018433
1 0.439360 0.314208 0.006364 0.014277
1 0.388306 0.311352 0.010934 0.021550
1 0.448334 0.060828 0.007975 0.019130
1 0.372324 0.346337 0.004099 0.013060
1 0.390927 0.409447 0.005652 0.016113
1 0.387665 0.600488 0.006832 0.012550
1 0.432363 0.643193 0.004918 0.017527
1 0.484250 0.408873 0.006211 0.015687
2 0.464434 0.882555 0.005217 0.011603
2 0.459031 0.778538 0.008198 0.017977
2 0.482509 0.746483 0.009067 0.025780
2 0.412820 0.717273 0.009016 0.021453
2 0.376371 0.672083 0.005924 0.014067
2 0.484794 0.517620 0.008011 0.023747
2 0.418118 0.470775 0.005963 0.016283
2 0.408118 0.432783 0.008820 0.022727
2 0.364911 0.456843 0.004968 0.010600
2 0.431863 0.379903 0.007081 0.021540
2 0.399100 0.328072 0.005776 0.013910
2 0.489216 0.314605 0.005342 0.014077
2 0.482446 0.285095 0.009441 0.025610
2 0.381923 0.064425 0.006440 0.017097
2 0.329780 0.101793 0.006798 0.015140
2 0.313681 0.096420 0.006976 0.015140
2 0.307375 0.129637 0.007423 0.020027
2 0.319360 0.189472 0.006171 0.020517
2 0.329914 0.197897 0.005992 0.017340
2 0.283942 0.253827 0.008855 0.022713
2 0.162376 0.043105 0.009481 0.019537
2 0.159743 0.058438 0.008800 0.019903
2 0.154933 0.070393 0.011862 0.021907
2 0.118490 0.059423 0.009465 0.030527
2 0.060667 0.074448 0.010000 0.023743
2 0.041295 0.031538 0.006398 0.015263
2 0.026859 0.180065 0.005125 0.011730
2 0.044871 0.197167 0.006885 0.018800
2 0.080579 0.386347 0.010559 0.020520
2 0.144382 0.386915 0.010435 0.026050
2 0.193164 0.401670 0.009167 0.023407
2 0.167758 0.302072 0.007329 0.017130
2 0.243066 0.367878 0.010000 0.026290
2 0.261175 0.518167 0.006708 0.016893
2 0.216083 0.573218 0.006112 0.016690
2 0.251201 0.593510 0.011538 0.020120
2 0.242252 0.570692 0.005858 0.016097
2 0.237541 0.686842 0.004740 0.013677
2 0.282699 0.696645 0.005500 0.013250
2 0.074772 0.501797 0.006895 0.016453
2 0.010583 0.604058 0.007397 0.018517
2 0.076216 0.653992 0.004502 0.012437
2 0.037187 0.892885 0.011344 0.026617
2 0.033693 0.917383 0.009188 0.022380
2 0.005959 0.928983 0.007549 0.018727
2 0.173329 0.819022 0.007888 0.021370
2 0.184478 0.802315 0.009690 0.020523
2 0.192148 0.823347 0.009875 0.023913
2 0.152739 0.683548 0.008191 0.020257
2 0.313220 0.835932 0.009875 0.023403
2 0.234836 0.891222 0.009751 0.024083
2 0.325186 0.904567 0.008799 0.023460
2 0.349357 0.927745 0.005280 0.013003
2 0.399237 0.207417 0.015652 0.025100
2 0.401597 0.180788 0.017018 0.028830
2 0.287344 0.861043 0.008572 0.019740
2 0.286056 0.813218 0.005693 0.014370
