0 0.362863 0.697007 0.015725 0.040493
0 0.391356 0.937467 0.027771 0.049733
0 0.250433 0.052490 0.017517 0.052727
0 0.432854 0.324967 0.017798 0.036200
0 0.086172 0.426500 0.020186 0.050880
1 0.136353 0.148350 0.017666 0.046660
1 0.273326 0.607030 0.018157 0.046313
2 0.424807 0.347330 0.017749 0.050287
2 0.430223 0.871830 0.014182 0.028313
2 0.444656 0.903880 0.013853 0.033067
2 0.182192 0.689973 0.021738 0.049573
2 0.103240 0.894797 0.013140 0.042073
2 0.116021 0.965577 0.015049 0.040767
2 0.079591 0.979600 0.016721 0.033600
0 0.003195 0.931257 0.006389 0.041527
2 0.118878 0.328857 0.023689 0.050287
2 0.145453 0.293523 0.018513 0.044300
2 0.182133 0.476170 0.016624 0.042127
2 0.268492 0.745507 0.022292 0.068200
2 0.292640 0.430453 0.011145 0.035507
2 0.263022 0.400300 0.015068 0.043960
2 0.262130 0.029333 0.016223 0.040493
