2 0.459776 0.946225 0.014781 0.031037
2 0.237996 0.516762 0.009763 0.022183
2 0.218618 0.484402 0.010062 0.029510
2 0.310186 0.263015 0.009369 0.021343
2 0.225035 0.059555 0.011179 0.025610
2 0.261782 0.171925 0.006366 0.018090
2 0.243557 0.271552 0.011437 0.018090
2 0.244825 0.258973 0.010455 0.018373
2 0.235612 0.221237 0.012008 0.023460
2 0.242119 0.211130 0.009230 0.017113
1 0.279302 0.769782 0.007606 0.024423
1 0.309852 0.894632 0.012432 0.035903
1 0.264865 0.916368 0.015652 0.026130
2 0.030870 0.244952 0.011128 0.022050
2 0.132559 0.190997 0.008157 0.022273
2 0.101247 0.258887 0.005736 0.024027
1 0.130688 0.429328 0.015563 0.043963
1 0.068350 0.724872 0.008928 0.022497
1 0.089047 0.388705 0.008954 0.018517
1 0.094893 0.410188 0.007604 0.016817
1 0.093731 0.401142 0.007142 0.013710
1 0.100635 0.421072 0.008126 0.019363
1 0.099600 0.434428 0.008334 0.018090
1 0.090154 0.432165 0.008075 0.021483
1 0.086506 0.442623 0.009886 0.025440
1 0.076073 0.479615 0.014705 0.035170
1 0.112326 0.281652 0.015055 0.033990
1 0.107780 0.207570 0.013267 0.031953
1 0.073450 0.169428 0.011702 0.023610
1 0.090630 0.118853 0.017739 0.039280
1 0.190119 0.033483 0.012054 0.028867
1 0.477945 0.038057 0.014374 0.035873
1 0.472535 0.105372 0.013137 0.032917
1 0.334388 0.327057 0.010957 0.029713
1 0.220217 0.599115 0.013864 0.026377
1 0.277690 0.718372 0.010286 0.024177
1 0.291688 0.744627 0.009838 0.021493
1 0.284443 0.765997 0.008944 0.026620
2 0.097193 0.259712 0.007030 0.018843
0 0.027151 0.546917 0.012880 0.026727
0 0.112991 0.559752 0.010690 0.022157
2 0.090026 0.725773 0.009689 0.025100
2 0.063380 0.751893 0.011428 0.022727
