2 0.087167 0.301467 0.006780 0.016500
1 0.111321 0.011513 0.012084 0.023027
0 0.136111 0.123768 0.020797 0.058530
0 0.110997 0.123373 0.011863 0.029580
0 0.066278 0.265565 0.015298 0.035977
0 0.092509 0.687533 0.015402 0.038433
0 0.036655 0.711578 0.010389 0.021730
0 0.309390 0.789477 0.009816 0.022940
0 0.445428 0.264015 0.018787 0.052503
0 0.458473 0.278100 0.016433 0.046067
0 0.267721 0.300560 0.011201 0.026760
0 0.278773 0.210417 0.011348 0.019920
0 0.274684 0.222993 0.011127 0.025753
0 0.214520 0.136472 0.011495 0.028570
0 0.219985 0.405272 0.018215 0.041290
2 0.232535 0.502850 0.010568 0.022947
1 0.280856 0.548918 0.011969 0.026077
1 0.270097 0.423923 0.008021 0.018080
1 0.296813 0.408637 0.006317 0.013287
1 0.299292 0.401090 0.006191 0.014113
0 0.321564 0.452957 0.010186 0.027120
1 0.358959 0.472477 0.008768 0.022133
1 0.449312 0.654333 0.012645 0.030180
1 0.307000 0.654513 0.011550 0.028040
1 0.377618 0.847185 0.012468 0.030183
1 0.349456 0.978657 0.015032 0.035733
1 0.015435 0.444677 0.013618 0.033320
1 0.004667 0.322622 0.009333 0.034043
1 0.077137 0.176763 0.015067 0.041147
1 0.150067 0.102023 0.007164 0.014393
1 0.151064 0.113483 0.007419 0.014113
1 0.135406 0.179938 0.012230 0.029343
1 0.158755 0.227755 0.012281 0.028783
1 0.169731 0.233273 0.008955 0.023053
1 0.153615 0.327752 0.016171 0.028163
1 0.193430 0.392153 0.011863 0.035013
1 0.252674 0.324687 0.012748 0.028573
1 0.226900 0.122310 0.013883 0.030667
1 0.333293 0.072748 0.015621 0.046263
2 0.458213 0.101458 0.014485 0.041057
2 0.495526 0.257672 0.009169 0.016023
2 0.414116 0.258923 0.009535 0.017527
2 0.378070 0.252648 0.008167 0.033537
2 0.385316 0.256168 0.008781 0.031523
1 0.376169 0.069207 0.005074 0.012227
2 0.432867 0.541473 0.008180 0.020120
2 0.397889 0.963733 0.008341 0.016767
2 0.331509 0.872727 0.006244 0.014393
2 0.066591 0.498112 0.010133 0.022803
2 0.068986 0.511275 0.007307 0.012910
2 0.069385 0.525360 0.010930 0.018613
2 0.108562 0.514795 0.007246 0.013583
2 0.019069 0.080948 0.008843 0.021250
2 0.020970 0.011378 0.011937 0.022757
2 0.124194 0.308408 0.008179 0.022737
