0 0.443524 0.183480 0.008887 0.027080
0 0.205586 0.805640 0.011499 0.023293
0 0.028817 0.921188 0.020284 0.049530
0 0.437407 0.194032 0.012365 0.029897
0 0.450801 0.200890 0.012622 0.032353
0 0.447581 0.222167 0.013137 0.029893
0 0.352214 0.257582 0.012878 0.029603
0 0.226331 0.012452 0.017139 0.024903
0 0.022643 0.115677 0.011205 0.027080
0 0.069579 0.725858 0.010062 0.025103
2 0.369070 0.050505 0.010823 0.022957
2 0.288558 0.093697 0.007305 0.025847
2 0.283416 0.094408 0.006857 0.025237
2 0.274763 0.316483 0.008334 0.017527
2 0.277971 0.323903 0.006677 0.016820
2 0.280792 0.313020 0.007661 0.021060
0 0.429279 0.401212 0.011205 0.026023
2 0.484272 0.384803 0.008508 0.015773
2 0.337221 0.622268 0.011180 0.028083
2 0.338956 0.570748 0.006780 0.012430
2 0.056698 0.792067 0.026892 0.043553
2 0.034821 0.872842 0.015491 0.032090
2 0.201154 0.546600 0.012056 0.026333
1 0.004921 0.584618 0.009144 0.023563
1 0.076530 0.605192 0.014039 0.035170
1 0.084515 0.587958 0.012493 0.035170
1 0.089474 0.660933 0.015713 0.035520
1 0.140347 0.689245 0.011848 0.031650
1 0.194826 0.662692 0.015455 0.034817
1 0.134551 0.779805 0.009274 0.033410
1 0.068519 0.990703 0.008676 0.018593
1 0.013673 0.456668 0.013630 0.034290
1 0.007185 0.491073 0.014370 0.035753
1 0.128073 0.131495 0.009891 0.028277
1 0.156201 0.205772 0.010200 0.029963
1 0.207228 0.245322 0.016273 0.041383
1 0.243342 0.110312 0.014596 0.033117
1 0.273501 0.073238 0.012878 0.028137
1 0.323622 0.070013 0.012235 0.028720
1 0.419244 0.084478 0.013639 0.032563
1 0.478624 0.302003 0.019528 0.042333
1 0.385937 0.579993 0.017386 0.045427
1 0.314003 0.642075 0.012969 0.027843
1 0.271545 0.560283 0.014221 0.036633
1 0.325823 0.778727 0.009766 0.024620
1 0.328130 0.798363 0.012020 0.022860
1 0.280316 0.842030 0.013416 0.032240
1 0.315895 0.920868 0.014811 0.033410
1 0.349754 0.976583 0.013478 0.029513
1 0.406633 0.961522 0.014608 0.031343
1 0.417491 0.906418 0.021144 0.042790
1 0.384202 0.792572 0.013008 0.030243
1 0.164366 0.436557 0.011333 0.027433
1 0.055745 0.741460 0.006455 0.020347
