2 0.016765 0.267615 0.014608 0.029843
0 0.074706 0.409930 0.011505 0.027260
0 0.161548 0.932492 0.011885 0.029297
2 0.166362 0.966148 0.004236 0.016077
2 0.170269 0.966072 0.004786 0.014723
2 0.244789 0.812682 0.011790 0.030117
2 0.286703 0.801430 0.009022 0.016687
2 0.319413 0.711925 0.007870 0.021490
2 0.495610 0.904495 0.009458 0.029877
2 0.486615 0.851320 0.005564 0.012660
1 0.457717 0.919493 0.014236 0.039687
2 0.450049 0.788203 0.007548 0.015193
2 0.449316 0.776130 0.007721 0.014367
2 0.492764 0.532540 0.010734 0.029307
2 0.441379 0.076142 0.007454 0.020070
0 0.205909 0.105155 0.011926 0.029510
0 0.005774 0.896902 0.004788 0.012130
1 0.313242 0.926670 0.008090 0.020920
1 0.263456 0.860045 0.012932 0.029623
1 0.206629 0.599980 0.012963 0.038867
1 0.163660 0.389777 0.012837 0.030193
1 0.153112 0.319848 0.015886 0.040257
1 0.087714 0.273148 0.010615 0.032983
1 0.012482 0.227808 0.009489 0.018277
1 0.016234 0.220077 0.007428 0.017273
1 0.007830 0.139137 0.009193 0.026107
1 0.257681 0.044917 0.014474 0.038320
1 0.296176 0.172197 0.013385 0.033540
1 0.330529 0.481083 0.012964 0.039213
0 0.313630 0.400913 0.009720 0.026920
1 0.151479 0.890037 0.013239 0.033540
1 0.426583 0.417263 0.015632 0.039213
