2 0.325348 0.045013 0.008635 0.028127
0 0.231082 0.054255 0.021298 0.063610
1 0.219768 0.022717 0.007795 0.021073
1 0.224265 0.008773 0.006144 0.012520
1 0.140051 0.039130 0.007101 0.014000
1 0.130100 0.003632 0.004839 0.007263
1 0.140117 0.134523 0.005923 0.016173
1 0.101833 0.004192 0.004631 0.008383
1 0.085779 0.150528 0.004755 0.012983
1 0.042203 0.107908 0.008241 0.020770
1 0.004212 0.105310 0.004991 0.012980
1 0.116178 0.395717 0.007483 0.017727
1 0.135931 0.430122 0.006713 0.014723
1 0.012190 0.486645 0.006018 0.015477
1 0.111865 0.639653 0.010453 0.025240
1 0.033869 0.749778 0.009376 0.027403
1 0.037764 0.692807 0.007394 0.020913
1 0.033353 0.925717 0.009427 0.026180
1 0.229076 0.791397 0.009812 0.024613
2 0.153347 0.937403 0.008948 0.019127
2 0.122343 0.791645 0.010867 0.021037
1 0.250059 0.723302 0.006475 0.015943
1 0.316497 0.883375 0.006802 0.014063
1 0.340101 0.830550 0.008846 0.021633
2 0.335713 0.777135 0.006592 0.016783
1 0.410607 0.832658 0.008101 0.020763
1 0.407079 0.967880 0.008181 0.016787
1 0.450378 0.993190 0.009362 0.013620
1 0.496969 0.917040 0.005784 0.017093
1 0.439050 0.585333 0.010648 0.028040
1 0.439225 0.539212 0.006725 0.016903
1 0.471445 0.399037 0.009113 0.021453
1 0.482295 0.227878 0.011509 0.021410
1 0.393205 0.086805 0.008451 0.020917
1 0.293775 0.088283 0.010616 0.026827
1 0.269484 0.116982 0.006909 0.015130
2 0.248487 0.220042 0.010221 0.023583
2 0.169158 0.120153 0.007208 0.017427
2 0.181455 0.125562 0.007593 0.018630
2 0.189489 0.120605 0.008694 0.019230
1 0.211084 0.160043 0.007759 0.016073
2 0.169280 0.235005 0.009242 0.024610
2 0.278953 0.311655 0.008528 0.017577
2 0.313458 0.245380 0.006389 0.010907
2 0.353903 0.273887 0.011295 0.027413
2 0.258090 0.626423 0.009838 0.020733
2 0.301267 0.648983 0.010747 0.019780
2 0.299483 0.666153 0.010133 0.017780
1 0.152880 0.480290 0.008271 0.018693
