0 0.331104 0.228802 0.013630 0.030770
2 0.003911 0.516707 0.007822 0.051213
2 0.007541 0.467183 0.015055 0.033787
1 0.018050 0.953138 0.011700 0.029103
1 0.037578 0.924542 0.010509 0.030937
1 0.031525 0.764028 0.022719 0.054443
1 0.063594 0.716760 0.015455 0.040093
1 0.059808 0.596695 0.007882 0.021103
1 0.066222 0.586777 0.008655 0.022367
1 0.088245 0.641428 0.009427 0.022790
1 0.007415 0.501317 0.006337 0.015193
1 0.007772 0.564102 0.010807 0.025643
1 0.004464 0.595242 0.008927 0.032563
1 0.014778 0.599820 0.010360 0.027067
1 0.005424 0.626888 0.010583 0.028290
1 0.163344 0.709173 0.008049 0.019947
1 0.172772 0.693705 0.010957 0.031343
1 0.187865 0.656053 0.008198 0.017093
1 0.196854 0.835847 0.007081 0.015267
1 0.212207 0.784457 0.006484 0.022793
1 0.215636 0.806742 0.008125 0.020150
1 0.221166 0.923158 0.006857 0.016890
1 0.220234 0.976583 0.014385 0.035820
1 0.251572 0.907045 0.020607 0.065063
1 0.309531 0.903458 0.006224 0.019637
1 0.341192 0.883383 0.009445 0.022273
1 0.362335 0.833122 0.008801 0.024910
1 0.370975 0.827698 0.006333 0.021103
1 0.375536 0.829750 0.006224 0.015240
1 0.364428 0.864480 0.006332 0.014947
1 0.376825 0.881030 0.008586 0.019360
1 0.379507 0.875617 0.007513 0.022567
1 0.383103 0.849825 0.008479 0.027257
1 0.389006 0.854953 0.007620 0.022860
1 0.397914 0.866825 0.010197 0.017877
1 0.396572 0.884117 0.011162 0.022567
1 0.370917 0.729770 0.006857 0.013633
1 0.259644 0.770057 0.003540 0.010853
1 0.282904 0.726723 0.008198 0.021540
1 0.302108 0.737198 0.023254 0.053937
1 0.374642 0.647863 0.006261 0.014653
1 0.369141 0.610497 0.009391 0.021007
1 0.442798 0.627500 0.010304 0.022273
1 0.342931 0.537175 0.007942 0.017877
1 0.432012 0.506255 0.009874 0.025790
1 0.393961 0.522280 0.011001 0.025400
1 0.413330 0.461120 0.012253 0.028573
1 0.423381 0.355625 0.010460 0.029170
1 0.495490 0.359875 0.009120 0.034023
1 0.399427 0.264353 0.012021 0.022567
1 0.374313 0.260103 0.008157 0.015827
1 0.346783 0.372642 0.011699 0.026377
1 0.330631 0.430965 0.013953 0.028723
1 0.311259 0.446790 0.007190 0.015240
1 0.266793 0.313207 0.010410 0.020513
1 0.284287 0.277598 0.010410 0.023737
1 0.196629 0.386335 0.011979 0.023917
1 0.170819 0.535803 0.008242 0.020400
1 0.169918 0.551453 0.009530 0.015120
1 0.162177 0.488852 0.006698 0.017937
1 0.172416 0.267992 0.005538 0.010903
1 0.191542 0.243373 0.007471 0.015827
1 0.138937 0.244428 0.008899 0.016530
1 0.079299 0.412537 0.018674 0.041147
1 0.052910 0.303302 0.016871 0.036223
1 0.082210 0.190198 0.009274 0.026023
1 0.057031 0.068550 0.015326 0.037280
1 0.110029 0.095277 0.011333 0.024620
1 0.148022 0.009657 0.012622 0.019313
1 0.263459 0.143692 0.008037 0.016037
1 0.283010 0.063717 0.007882 0.016460
1 0.401778 0.164003 0.009445 0.024327
1 0.402905 0.188913 0.011913 0.029600
1 0.415462 0.180415 0.007836 0.016703
1 0.413960 0.200052 0.008909 0.019050
1 0.415301 0.156383 0.006869 0.016707
1 0.409291 0.149935 0.007297 0.018463
1 0.450666 0.009103 0.008011 0.016773
1 0.498604 0.086770 0.002937 0.026253
1 0.466823 0.230433 0.008279 0.026253
