2 0.193491 0.524323 0.013965 0.027667
1 0.357235 0.179568 0.011409 0.028297
1 0.259412 0.620095 0.010364 0.025703
0 0.010457 0.266295 0.020914 0.059650
0 0.231870 0.620728 0.014833 0.036450
1 0.466481 0.887402 0.013627 0.036130
1 0.463041 0.949590 0.006437 0.017727
1 0.466700 0.959130 0.006823 0.018480
1 0.456824 0.968147 0.008308 0.018780
1 0.451955 0.950943 0.008143 0.020733
1 0.395773 0.925498 0.006276 0.012743
1 0.450262 0.754670 0.005071 0.012547
1 0.454264 0.773925 0.007527 0.015577
1 0.457346 0.712480 0.004993 0.018607
1 0.461071 0.386503 0.005942 0.017740
1 0.491534 0.417767 0.007448 0.019253
1 0.445452 0.241483 0.008715 0.020553
1 0.435120 0.220570 0.007329 0.021633
1 0.342136 0.098170 0.007924 0.016227
1 0.322229 0.122237 0.009045 0.020013
1 0.273536 0.141620 0.008715 0.017307
1 0.168873 0.127917 0.009310 0.020193
1 0.151309 0.181807 0.011158 0.023800
1 0.089813 0.033505 0.008715 0.023583
1 0.029360 0.061738 0.010616 0.020337
1 0.048407 0.359267 0.009507 0.022933
1 0.099273 0.340010 0.006022 0.016873
1 0.104066 0.501213 0.006370 0.018953
1 0.115998 0.503550 0.005514 0.021027
1 0.038471 0.716395 0.009857 0.021983
1 0.066976 0.796475 0.007721 0.024223
1 0.008652 0.809037 0.014622 0.029607
1 0.089614 0.956915 0.012280 0.025743
1 0.165836 0.973623 0.009584 0.017947
1 0.169755 0.716803 0.009983 0.024407
1 0.205931 0.690452 0.009318 0.021030
1 0.241775 0.684220 0.011218 0.027260
1 0.258793 0.659817 0.008937 0.018953
1 0.298203 0.629572 0.010743 0.024403
1 0.241659 0.958818 0.008899 0.024923
2 0.322664 0.720952 0.010040 0.025237
1 0.355522 0.697587 0.007074 0.019627
1 0.347303 0.942560 0.007657 0.013020
1 0.350214 0.956645 0.008712 0.018403
1 0.227943 0.536198 0.012836 0.024230
1 0.276313 0.551775 0.013073 0.028990
1 0.331223 0.533670 0.014786 0.037387
