1 0.230184 0.759182 0.016292 0.032897
1 0.277974 0.917922 0.006823 0.020283
1 0.288896 0.919800 0.007428 0.012620
1 0.309578 0.401327 0.009447 0.024300
1 0.318135 0.369548 0.007394 0.022057
1 0.148265 0.316125 0.013472 0.026917
1 0.086656 0.405178 0.010844 0.025570
1 0.077291 0.366372 0.009858 0.023330
1 0.058233 0.359867 0.009200 0.025573
1 0.037634 0.174845 0.008352 0.027290
1 0.081376 0.258402 0.009584 0.029910
1 0.159940 0.052198 0.006309 0.017763
1 0.003154 0.495297 0.006307 0.020120
1 0.425076 0.336015 0.016086 0.036763
1 0.309140 0.162285 0.011227 0.036263
1 0.095244 0.247097 0.008873 0.027693
1 0.111969 0.252613 0.010459 0.029640
2 0.106749 0.640062 0.008859 0.019983
2 0.046160 0.553522 0.008198 0.022537
1 0.011479 0.463510 0.007483 0.015173
2 0.045961 0.278735 0.009812 0.015263
2 0.260061 0.352733 0.008208 0.027420
2 0.273886 0.336418 0.008802 0.026443
2 0.361549 0.398417 0.018826 0.047667
1 0.393948 0.620905 0.007703 0.026443
2 0.424565 0.591398 0.007887 0.019657
2 0.461311 0.631858 0.010610 0.024923
2 0.293080 0.815897 0.006434 0.024673
2 0.325666 0.921697 0.011364 0.023180
2 0.235223 0.944988 0.012596 0.034770
1 0.288703 0.931597 0.006823 0.014573
1 0.290739 0.901922 0.006273 0.017130
1 0.465053 0.852557 0.014147 0.033647
1 0.358334 0.494010 0.009222 0.022327
1 0.389329 0.545545 0.010934 0.024143
1 0.230171 0.393663 0.008625 0.020933
1 0.401231 0.608620 0.009032 0.022067
1 0.350167 0.678827 0.009270 0.026180
1 0.375798 0.708033 0.009667 0.024880
1 0.260154 0.413665 0.010542 0.031777
0 0.074189 0.724762 0.015973 0.038163
1 0.039646 0.913845 0.010234 0.028123
1 0.110583 0.790265 0.011980 0.030377
