1 0.171014 0.496292 0.019534 0.049530
1 0.123157 0.620788 0.022430 0.054217
1 0.182931 0.803120 0.012297 0.033787
1 0.051694 0.150697 0.010045 0.028273
1 0.140560 0.223117 0.013137 0.033760
1 0.133915 0.269075 0.010664 0.027857
0 0.098068 0.159252 0.010132 0.022303
1 0.041488 0.009832 0.014363 0.019663
1 0.247030 0.024212 0.011765 0.027957
1 0.228847 0.196113 0.010848 0.027953
1 0.264831 0.288113 0.010084 0.023367
1 0.272089 0.321492 0.009932 0.021697
1 0.345424 0.297342 0.008135 0.020523
1 0.350906 0.257622 0.009727 0.024143
0 0.425551 0.213387 0.012343 0.038393
1 0.254529 0.496672 0.014431 0.034190
1 0.359394 0.277543 0.010612 0.017627
1 0.358024 0.292028 0.008931 0.021490
1 0.455997 0.330445 0.010081 0.023757
1 0.476423 0.194987 0.009125 0.026367
1 0.463562 0.898262 0.017932 0.048097
2 0.392375 0.341303 0.014534 0.030120
1 0.357507 0.848570 0.012521 0.029267
2 0.400865 0.433017 0.018997 0.038687
2 0.372825 0.727728 0.007815 0.017950
2 0.373497 0.738682 0.007297 0.012157
2 0.372566 0.751330 0.006262 0.015407
2 0.377120 0.747232 0.006160 0.017670
0 0.433301 0.710110 0.008496 0.020353
2 0.088721 0.527257 0.009524 0.018653
2 0.086003 0.515950 0.008438 0.017807
2 0.128615 0.441163 0.005341 0.013567
1 0.138118 0.397232 0.014918 0.038977
2 0.029675 0.150427 0.010107 0.023213
