2 0.410441 0.468505 0.006466 0.014537
0 0.173776 0.224850 0.022590 0.061373
0 0.339695 0.211297 0.013406 0.032713
2 0.080723 0.583627 0.008914 0.019533
2 0.155447 0.682510 0.009602 0.021807
2 0.164907 0.712757 0.006844 0.015840
2 0.102315 0.937637 0.007052 0.017093
2 0.315317 0.971688 0.016428 0.026483
1 0.308928 0.844733 0.009812 0.038633
2 0.312180 0.839280 0.005819 0.022120
2 0.317200 0.848627 0.007416 0.018380
2 0.345714 0.677022 0.009216 0.024790
2 0.350689 0.663812 0.006786 0.019157
2 0.354540 0.673013 0.007977 0.018780
2 0.341947 0.554218 0.006814 0.014930
2 0.339332 0.541345 0.005706 0.012117
2 0.365962 0.400630 0.005942 0.014713
2 0.419600 0.173397 0.009032 0.022287
2 0.419996 0.149382 0.009824 0.018823
2 0.418729 0.119958 0.010458 0.022717
2 0.159836 0.020848 0.008873 0.018823
2 0.151470 0.285893 0.005693 0.016800
2 0.211050 0.249513 0.004998 0.013520
1 0.219081 0.109992 0.008271 0.019990
1 0.229682 0.117262 0.005895 0.019990
1 0.201207 0.179182 0.010173 0.019730
1 0.132642 0.027850 0.006932 0.016587
1 0.044128 0.155590 0.007765 0.019040
1 0.087071 0.161865 0.007924 0.019037
1 0.016595 0.044927 0.008794 0.028340
1 0.008553 0.033787 0.008398 0.022933
1 0.004156 0.022540 0.006418 0.017320
1 0.004553 0.055962 0.008160 0.021417
1 0.042056 0.286210 0.006140 0.012620
1 0.099927 0.348410 0.006471 0.016227
1 0.009169 0.465710 0.004293 0.012980
1 0.034787 0.509880 0.006537 0.013340
1 0.026830 0.613405 0.006272 0.016677
1 0.068205 0.637070 0.006603 0.012620
1 0.113463 0.654843 0.004755 0.012980
1 0.115998 0.666852 0.005863 0.013630
1 0.105460 0.542763 0.005706 0.013827
1 0.148052 0.505643 0.006735 0.015327
1 0.154142 0.626432 0.004457 0.012923
1 0.174391 0.627182 0.005227 0.013823
1 0.164019 0.638450 0.008914 0.016227
1 0.154451 0.739325 0.011830 0.027343
1 0.158000 0.775008 0.010895 0.019383
1 0.192390 0.805260 0.005066 0.011587
1 0.201358 0.742638 0.007667 0.017197
1 0.260211 0.789320 0.006846 0.018953
1 0.276564 0.755308 0.005895 0.015837
1 0.266153 0.680928 0.007701 0.020770
1 0.302283 0.717665 0.008081 0.020510
1 0.197516 0.619640 0.005393 0.011420
1 0.217516 0.609725 0.007979 0.017430
1 0.351218 0.875592 0.007227 0.013243
1 0.365746 0.819782 0.004890 0.015130
1 0.359823 0.806010 0.007642 0.024313
1 0.446699 0.942025 0.006603 0.015863
1 0.383459 0.661327 0.007922 0.024160
1 0.361176 0.692698 0.007461 0.019470
1 0.247031 0.532607 0.008352 0.019813
1 0.207667 0.465580 0.005117 0.016073
1 0.234352 0.431925 0.007428 0.020583
1 0.245302 0.406310 0.009409 0.015927
1 0.321172 0.436957 0.009508 0.023580
1 0.314636 0.359718 0.010696 0.025743
1 0.397520 0.555167 0.005895 0.013760
1 0.427232 0.525050 0.007130 0.018953
1 0.395714 0.480785 0.007606 0.022330
1 0.391349 0.366313 0.006273 0.013880
1 0.371872 0.336295 0.006405 0.010817
1 0.437408 0.428352 0.006008 0.014423
1 0.468474 0.461887 0.004225 0.010460
1 0.291371 0.189063 0.007097 0.015613
1 0.319706 0.231967 0.008969 0.018480
1 0.407647 0.211592 0.007538 0.014723
1 0.446382 0.158557 0.006987 0.020433
1 0.472015 0.021878 0.010084 0.021563
1 0.257674 0.005235 0.005804 0.010470
