2 0.187660 0.965850 0.009995 0.025047
0 0.207203 0.499300 0.010829 0.023107
0 0.452649 0.882235 0.013074 0.027043
0 0.036674 0.532458 0.007211 0.014497
1 0.086096 0.799962 0.007645 0.021497
1 0.075656 0.732668 0.006844 0.017757
1 0.055633 0.684068 0.006732 0.015890
1 0.224012 0.419378 0.008379 0.020637
1 0.302748 0.166488 0.009839 0.026323
1 0.348981 0.146170 0.006846 0.014953
1 0.394113 0.239237 0.015714 0.038220
1 0.169852 0.819673 0.010934 0.027520
2 0.101487 0.827098 0.011980 0.039877
2 0.046552 0.902182 0.012778 0.024923
1 0.009189 0.447995 0.010300 0.028343
2 0.078543 0.119235 0.006959 0.017757
2 0.133561 0.127425 0.007200 0.019657
2 0.174460 0.313643 0.010498 0.023620
2 0.203533 0.582870 0.009353 0.017580
2 0.235417 0.577912 0.007869 0.017877
2 0.265624 0.613820 0.007867 0.017580
2 0.261862 0.321703 0.009667 0.021633
2 0.251970 0.032940 0.007035 0.014020
2 0.280920 0.116020 0.005610 0.017653
2 0.329514 0.325692 0.004279 0.011163
2 0.376910 0.415132 0.007416 0.015057
2 0.315395 0.502233 0.008937 0.018953
2 0.419312 0.462975 0.011500 0.022057
2 0.470809 0.355822 0.013920 0.032303
2 0.492695 0.573077 0.008379 0.018393
2 0.445427 0.793825 0.011182 0.027417
2 0.386271 0.750987 0.006960 0.019627
2 0.218738 0.886965 0.009447 0.021310
2 0.169343 0.777465 0.006437 0.014723
