1 0.236351 0.038620 0.014718 0.027920
0 0.094979 0.618572 0.019058 0.057423
0 0.329613 0.063313 0.019624 0.048600
0 0.394816 0.102910 0.011410 0.029600
2 0.080424 0.836040 0.008557 0.022933
2 0.089099 0.839717 0.007686 0.023800
2 0.091635 0.812782 0.007368 0.022717
2 0.093734 0.799152 0.009033 0.022717
2 0.095834 0.843502 0.006418 0.019257
2 0.181353 0.987300 0.004678 0.010267
2 0.104008 0.693185 0.010366 0.030110
2 0.106483 0.649193 0.007791 0.016407
2 0.123022 0.570030 0.004016 0.009013
2 0.060915 0.361295 0.009188 0.020883
1 0.485961 0.180533 0.008081 0.018433
2 0.149763 0.195920 0.006206 0.016227
2 0.460485 0.502400 0.006008 0.016047
1 0.455293 0.964813 0.005776 0.013520
1 0.356269 0.985785 0.006420 0.014397
1 0.131165 0.947887 0.005869 0.013647
1 0.068917 0.724035 0.006006 0.014897
1 0.030723 0.734365 0.008024 0.018030
1 0.472697 0.340068 0.009127 0.020770
1 0.045756 0.620010 0.006036 0.013567
1 0.065884 0.571607 0.007812 0.017127
1 0.128250 0.538583 0.006658 0.018480
1 0.159501 0.604917 0.005997 0.014120
1 0.191859 0.560732 0.004999 0.011477
1 0.196812 0.656382 0.003286 0.008137
1 0.182502 0.685387 0.003401 0.007513
1 0.247723 0.764505 0.007648 0.016377
1 0.266030 0.680013 0.005365 0.011393
1 0.415066 0.858983 0.007065 0.016587
1 0.379115 0.787765 0.004358 0.014063
1 0.430317 0.760903 0.007988 0.013340
1 0.443633 0.583752 0.006274 0.016877
1 0.300162 0.454638 0.005811 0.011357
1 0.068766 0.348925 0.005769 0.014190
1 0.040676 0.236215 0.011488 0.031010
1 0.052469 0.081693 0.005515 0.014540
1 0.011206 0.057808 0.005325 0.012463
1 0.095444 0.009303 0.007225 0.018607
1 0.152575 0.249728 0.005594 0.012197
1 0.329407 0.284693 0.005609 0.014280
1 0.373000 0.210700 0.005704 0.012720
1 0.305576 0.089775 0.006703 0.022610
1 0.285012 0.069202 0.009587 0.019470
1 0.265038 0.066498 0.006735 0.013197
1 0.468187 0.046083 0.005997 0.012320
