2 0.089908 0.278110 0.014445 0.041440
0 0.063031 0.257142 0.013347 0.033450
0 0.076743 0.277610 0.011519 0.046433
2 0.283771 0.710337 0.007272 0.020900
2 0.288746 0.701628 0.008037 0.022990
2 0.320237 0.648540 0.006072 0.013933
2 0.381402 0.819792 0.008524 0.017657
2 0.422183 0.822700 0.005437 0.011840
2 0.426554 0.834237 0.005510 0.010833
2 0.426422 0.716982 0.007144 0.017977
2 0.428974 0.702700 0.008470 0.015607
2 0.442164 0.682497 0.008011 0.017000
2 0.003889 0.729370 0.007777 0.022573
2 0.009282 0.587770 0.007466 0.014147
2 0.250494 0.264263 0.008888 0.020227
2 0.407094 0.351503 0.005562 0.011147
2 0.139417 0.588935 0.011681 0.026697
2 0.102977 0.463772 0.006603 0.023230
1 0.104998 0.299653 0.009600 0.022053
1 0.205880 0.392727 0.004225 0.010700
1 0.226576 0.383282 0.007410 0.019897
1 0.255155 0.436328 0.006765 0.019970
1 0.258118 0.710117 0.007229 0.021367
1 0.263306 0.694557 0.007229 0.019507
1 0.269471 0.707330 0.007568 0.014400
1 0.268243 0.726198 0.008419 0.017303
2 0.238247 0.834113 0.008079 0.017880
1 0.225554 0.832083 0.006421 0.015907
1 0.083474 0.930982 0.007726 0.016837
1 0.123906 0.935322 0.010654 0.022470
1 0.127213 0.987970 0.006981 0.012240
1 0.232664 0.921362 0.006549 0.014283
1 0.291696 0.888065 0.005731 0.015650
1 0.196502 0.817463 0.010360 0.020867
2 0.124625 0.731715 0.005021 0.012017
1 0.022627 0.761113 0.006760 0.015093
1 0.028115 0.512477 0.008009 0.020707
1 0.009902 0.445382 0.005642 0.012763
1 0.076197 0.006865 0.007777 0.013730
1 0.090066 0.079522 0.021553 0.023910
1 0.159454 0.049665 0.005784 0.013703
1 0.154463 0.163340 0.005925 0.014447
1 0.172926 0.162763 0.010686 0.025427
1 0.236437 0.270247 0.008890 0.021067
1 0.277695 0.309675 0.007495 0.018057
1 0.276005 0.230622 0.009994 0.021670
1 0.261204 0.015885 0.009696 0.021597
1 0.367750 0.018320 0.007128 0.018260
1 0.426894 0.149450 0.010970 0.026960
1 0.355668 0.262385 0.008782 0.022823
1 0.368216 0.382955 0.009269 0.022190
1 0.330113 0.464778 0.008507 0.018030
2 0.299703 0.534815 0.021077 0.030510
2 0.443807 0.760620 0.008817 0.020267
1 0.445937 0.739253 0.010728 0.025280
1 0.413217 0.777118 0.010405 0.021430
1 0.388055 0.907530 0.004656 0.011267
1 0.440579 0.385988 0.007617 0.017337
1 0.412441 0.344817 0.006940 0.013933
1 0.297814 0.421012 0.014548 0.037923
