1 0.431838 0.102397 0.010743 0.024147
0 0.103491 0.697153 0.012104 0.026893
0 0.285334 0.275525 0.012158 0.024677
0 0.408230 0.402417 0.012644 0.027260
2 0.427894 0.752615 0.014147 0.026170
2 0.347630 0.638900 0.016088 0.031153
2 0.331635 0.355567 0.009720 0.019813
2 0.340739 0.243412 0.012596 0.031030
2 0.362440 0.180603 0.009994 0.028040
2 0.458367 0.184588 0.011335 0.028263
2 0.203989 0.795982 0.015175 0.035830
2 0.248199 0.835703 0.012550 0.033647
2 0.185677 0.572337 0.012755 0.034400
2 0.213368 0.532205 0.011250 0.034183
1 0.424057 0.983600 0.015450 0.032800
1 0.480034 0.931828 0.011093 0.032237
1 0.456763 0.762620 0.011410 0.033100
1 0.424398 0.642760 0.008795 0.026180
1 0.390328 0.429367 0.017388 0.044860
1 0.282073 0.521245 0.021868 0.039463
1 0.299329 0.304693 0.012264 0.031933
1 0.325439 0.074947 0.012836 0.031587
1 0.423033 0.107953 0.010649 0.032193
1 0.443629 0.012960 0.007064 0.025920
1 0.450099 0.017177 0.007329 0.024340
1 0.121765 0.225302 0.011219 0.025963
1 0.101133 0.192330 0.014071 0.025960
1 0.016412 0.165577 0.008253 0.020373
1 0.050352 0.522145 0.012756 0.024663
1 0.084302 0.551438 0.014419 0.030503
1 0.204319 0.471350 0.010040 0.023367
1 0.177809 0.616050 0.010454 0.025293
1 0.224662 0.699243 0.012280 0.029027
1 0.227864 0.744135 0.015912 0.026143
1 0.073989 0.716168 0.009318 0.023623
1 0.111880 0.934197 0.012743 0.025240
1 0.274200 0.986413 0.010696 0.015793
1 0.272775 0.994450 0.007844 0.011100
1 0.341989 0.896608 0.013271 0.027223
1 0.298802 0.823998 0.010856 0.027043
