2 0.220129 0.023922 0.004034 0.009890
0 0.276741 0.784988 0.038894 0.096903
0 0.305546 0.064130 0.027245 0.080753
1 0.358915 0.995785 0.005942 0.008430
1 0.376136 0.980977 0.004292 0.010367
1 0.367067 0.915533 0.005089 0.013147
1 0.426393 0.996292 0.005685 0.007417
1 0.442258 0.995917 0.005319 0.008167
1 0.490437 0.885797 0.004951 0.012020
1 0.493160 0.856350 0.006328 0.015627
1 0.406279 0.818388 0.005043 0.010890
1 0.424568 0.748762 0.006603 0.016777
1 0.410688 0.553855 0.006866 0.018570
1 0.441567 0.281185 0.007263 0.018030
1 0.427959 0.194925 0.010537 0.022717
1 0.488412 0.185297 0.008794 0.024233
1 0.428157 0.171558 0.009508 0.023150
1 0.428197 0.118012 0.008953 0.019903
1 0.351987 0.010730 0.008694 0.020433
1 0.288636 0.019008 0.007758 0.018930
1 0.278730 0.124787 0.007749 0.020033
1 0.195629 0.177037 0.008914 0.021333
1 0.207212 0.277755 0.008848 0.018390
1 0.180775 0.357623 0.006404 0.018027
1 0.156732 0.225213 0.007133 0.016260
1 0.163173 0.171597 0.008518 0.020733
1 0.161015 0.126600 0.007262 0.016527
1 0.143022 0.058735 0.008912 0.022177
1 0.111594 0.132420 0.009969 0.023260
1 0.134241 0.016222 0.006272 0.014423
1 0.043215 0.028700 0.008802 0.021933
1 0.041530 0.374505 0.008895 0.020283
1 0.066198 0.444465 0.007756 0.019197
1 0.106461 0.360830 0.006768 0.017727
1 0.106241 0.302460 0.006658 0.015773
1 0.289583 0.394740 0.006272 0.015773
1 0.279047 0.475195 0.006768 0.015023
1 0.248153 0.477068 0.007527 0.017737
1 0.199315 0.639510 0.008368 0.019200
1 0.087908 0.619197 0.006610 0.016693
1 0.106420 0.570367 0.005731 0.014607
1 0.099008 0.870782 0.008444 0.017737
1 0.061179 0.793070 0.009667 0.023367
1 0.073301 0.805403 0.016479 0.047600
1 0.100779 0.789247 0.014603 0.032400
1 0.042706 0.895670 0.012322 0.027727
1 0.098503 0.959575 0.009587 0.023150
1 0.171832 0.939130 0.012201 0.032020
1 0.214734 0.917927 0.008795 0.022067
1 0.272850 0.898327 0.008557 0.017307
1 0.287706 0.874637 0.007052 0.020553
2 0.297530 0.892160 0.005150 0.013633
