1 0.467559 0.311002 0.007749 0.015023
1 0.467902 0.286398 0.008529 0.019657
1 0.257880 0.253863 0.006404 0.016227
1 0.257562 0.385173 0.005404 0.014593
1 0.207085 0.432883 0.005198 0.010240
1 0.202136 0.351612 0.006591 0.015770
1 0.218078 0.585258 0.005389 0.013170
1 0.279016 0.150317 0.012080 0.024800
1 0.230804 0.633728 0.006091 0.015770
1 0.409401 0.101895 0.028094 0.076717
1 0.237065 0.066292 0.005887 0.013370
1 0.244383 0.076283 0.008749 0.016227
1 0.244740 0.100095 0.004622 0.012470
1 0.238165 0.054647 0.005447 0.012320
1 0.238331 0.044805 0.005997 0.012470
1 0.222072 0.093410 0.005942 0.013520
1 0.206912 0.013985 0.005325 0.014537
1 0.155732 0.073097 0.005626 0.012980
1 0.151929 0.145358 0.005784 0.016010
1 0.130417 0.015438 0.005388 0.014497
1 0.104969 0.209093 0.004042 0.011467
1 0.106738 0.251853 0.006208 0.014927
1 0.003951 0.345240 0.007903 0.018260
1 0.140256 0.392023 0.008187 0.021993
1 0.019303 0.421710 0.005942 0.014273
1 0.007913 0.548187 0.008391 0.015653
1 0.001274 0.516985 0.002548 0.021850
1 0.084813 0.585245 0.010458 0.025530
1 0.081960 0.673948 0.008716 0.021637
1 0.110417 0.687057 0.006074 0.013353
1 0.109539 0.701403 0.007222 0.013667
1 0.162130 0.671658 0.008843 0.021810
2 0.070953 0.805893 0.005182 0.012773
2 0.074254 0.774467 0.008298 0.020533
1 0.125262 0.852948 0.004165 0.010617
1 0.153532 0.837020 0.006381 0.016693
1 0.156704 0.826377 0.007451 0.019613
1 0.197942 0.866215 0.007107 0.020283
1 0.184163 0.943717 0.006786 0.017527
1 0.200417 0.793485 0.004493 0.012770
1 0.172079 0.767165 0.010013 0.024943
1 0.249240 0.715435 0.005044 0.013397
1 0.280876 0.701785 0.005961 0.015150
1 0.287914 0.682005 0.007748 0.017403
1 0.314226 0.817835 0.006846 0.015290
1 0.317759 0.799958 0.007061 0.017030
1 0.362953 0.851457 0.004680 0.010433
1 0.384222 0.846242 0.008821 0.019650
1 0.397470 0.820903 0.005677 0.012800
1 0.439305 0.856477 0.005120 0.012520
1 0.455693 0.752807 0.004967 0.012087
1 0.419933 0.737698 0.005146 0.011303
1 0.488137 0.716813 0.007107 0.015233
1 0.405381 0.558377 0.005923 0.012173
1 0.411139 0.460582 0.018381 0.045650
1 0.313764 0.688348 0.006493 0.018330
1 0.339431 0.542085 0.006877 0.015477
1 0.343906 0.479020 0.005082 0.012207
1 0.334922 0.395500 0.007871 0.020660
1 0.324060 0.373932 0.006394 0.015063
1 0.341238 0.328130 0.006840 0.016693
1 0.386627 0.362348 0.006235 0.016777
1 0.400176 0.337182 0.007200 0.019530
1 0.406801 0.335052 0.007062 0.016777
1 0.471135 0.353195 0.008116 0.019030
1 0.481153 0.318262 0.005594 0.016277
