1 0.199720 0.627855 0.008596 0.024477
1 0.195202 0.657652 0.004850 0.013443
1 0.197031 0.701688 0.007441 0.020203
1 0.176943 0.800000 0.006548 0.019507
1 0.202372 0.794833 0.006804 0.019853
1 0.179980 0.899942 0.004635 0.013630
1 0.268691 0.967538 0.004016 0.010643
1 0.335412 0.935502 0.007128 0.019663
1 0.272736 0.812307 0.005510 0.014447
1 0.236329 0.700990 0.007356 0.018927
1 0.328214 0.734960 0.007041 0.018893
1 0.310273 0.595678 0.006675 0.018223
2 0.305650 0.633885 0.007469 0.015717
2 0.435218 0.972243 0.009537 0.016173
2 0.436616 0.985805 0.009052 0.016423
2 0.430063 0.840287 0.007108 0.018413
2 0.453565 0.694302 0.009447 0.023530
2 0.393552 0.633417 0.013228 0.030133
2 0.318016 0.326112 0.009434 0.020830
2 0.295432 0.276713 0.011609 0.034427
2 0.077560 0.010302 0.012975 0.020603
2 0.032494 0.075898 0.008252 0.022877
2 0.031486 0.043737 0.010645 0.029067
2 0.076514 0.515168 0.011967 0.034743
2 0.064995 0.662035 0.011809 0.026277
1 0.371628 0.805113 0.007941 0.025180
1 0.378126 0.813575 0.006727 0.021877
1 0.411458 0.841335 0.011111 0.024150
1 0.433868 0.879312 0.009524 0.018370
1 0.461041 0.874668 0.008087 0.016923
1 0.497283 0.724550 0.006530 0.012880
1 0.452432 0.767768 0.006984 0.016097
1 0.430212 0.611490 0.004625 0.013620
1 0.476967 0.626597 0.006711 0.016100
1 0.437787 0.472992 0.007144 0.018610
1 0.482657 0.448717 0.008163 0.023940
1 0.497998 0.469253 0.004077 0.023733
1 0.462471 0.066318 0.008187 0.014790
1 0.394415 0.035877 0.008376 0.020640
1 0.368851 0.115457 0.007574 0.019973
1 0.343596 0.141648 0.006089 0.014330
1 0.324937 0.192387 0.005721 0.016340
1 0.319620 0.045490 0.006876 0.019780
1 0.308860 0.047998 0.008660 0.025083
1 0.297601 0.031228 0.006089 0.019923
1 0.235121 0.247103 0.005468 0.014233
1 0.265378 0.270692 0.007837 0.020503
1 0.282091 0.275270 0.004666 0.012340
1 0.332305 0.334930 0.004775 0.015127
1 0.184856 0.389167 0.007307 0.018573
1 0.152386 0.370592 0.009133 0.022703
1 0.126172 0.211067 0.005165 0.013760
1 0.121417 0.245553 0.006235 0.014620
0 0.133669 0.200052 0.007318 0.021357
1 0.096192 0.203267 0.004733 0.012093
0 0.090930 0.047153 0.009342 0.020927
1 0.002787 0.179763 0.005468 0.015427
1 0.046948 0.255175 0.005598 0.014930
1 0.007137 0.511275 0.007664 0.018630
1 0.076826 0.562013 0.010654 0.025513
1 0.062733 0.615760 0.005879 0.012040
1 0.097380 0.358348 0.005217 0.013303
1 0.078377 0.729290 0.006981 0.018227
1 0.087843 0.695348 0.007058 0.020203
