1 0.060267 0.180207 0.010369 0.024480
0 0.412318 0.767293 0.021003 0.056267
0 0.029210 0.121087 0.027712 0.062947
1 0.252917 0.163367 0.015264 0.028533
2 0.348795 0.054527 0.016223 0.053000
2 0.247109 0.188607 0.014829 0.033707
2 0.194257 0.112777 0.011448 0.033700
2 0.064327 0.167963 0.012000 0.027660
2 0.207239 0.341310 0.027710 0.051207
2 0.276754 0.348323 0.017678 0.037180
2 0.142573 0.489243 0.012183 0.031313
2 0.175540 0.597657 0.018203 0.039140
2 0.222910 0.642470 0.017773 0.046580
2 0.102632 0.738857 0.019609 0.038887
2 0.035759 0.652060 0.024976 0.058053
2 0.184594 0.978787 0.017439 0.033267
2 0.266956 0.875817 0.010605 0.030527
2 0.438325 0.144060 0.014653 0.033973
2 0.418937 0.067240 0.009333 0.027560
2 0.364834 0.123790 0.016465 0.052820
2 0.488418 0.899507 0.018247 0.039827
2 0.186948 0.866050 0.014932 0.038727
2 0.425128 0.818490 0.007717 0.028313
2 0.420348 0.822033 0.006106 0.024067
2 0.416228 0.808347 0.005356 0.026893
2 0.409518 0.809370 0.008870 0.027993
1 0.272648 0.758930 0.014241 0.039073
1 0.046216 0.174193 0.012773 0.034200
1 0.249319 0.474350 0.020903 0.042727
1 0.235045 0.500443 0.016482 0.044033
1 0.413552 0.341670 0.019229 0.047620
