1 0.225873 0.619400 0.011171 0.025640
0 0.176503 0.188978 0.016044 0.034977
0 0.366625 0.195082 0.015498 0.034790
0 0.358258 0.237530 0.018350 0.040240
0 0.282587 0.478265 0.016428 0.035517
0 0.423033 0.345392 0.014148 0.033337
0 0.188280 0.978853 0.019966 0.037127
0 0.101463 0.884945 0.013707 0.028777
0 0.010648 0.787478 0.011647 0.025543
2 0.328704 0.147185 0.017114 0.035483
0 0.269225 0.016855 0.015529 0.033710
1 0.386889 0.467768 0.010382 0.023677
1 0.401721 0.427453 0.011295 0.039567
1 0.409058 0.204853 0.016201 0.045487
1 0.484470 0.295777 0.012043 0.026827
1 0.373907 0.754255 0.014261 0.036863
1 0.386219 0.822795 0.011885 0.024923
1 0.444855 0.797818 0.012439 0.036563
1 0.463474 0.808875 0.010220 0.025743
1 0.493304 0.820332 0.009666 0.024470
1 0.320170 0.896008 0.010839 0.028037
1 0.285754 0.918870 0.010344 0.022387
1 0.276071 0.886342 0.010125 0.021937
1 0.249419 0.808222 0.009170 0.018363
1 0.291710 0.739647 0.013535 0.033893
1 0.250447 0.709505 0.015292 0.033970
1 0.273202 0.579393 0.012322 0.033647
1 0.319477 0.541822 0.009857 0.025797
1 0.317697 0.583882 0.012323 0.030657
1 0.179924 0.679827 0.013965 0.033200
1 0.143123 0.580905 0.011993 0.030057
1 0.136470 0.555108 0.010186 0.027817
1 0.152406 0.512490 0.014458 0.026020
1 0.113797 0.551520 0.009200 0.021533
1 0.061060 0.669733 0.014458 0.035440
1 0.033376 0.889783 0.019222 0.039480
1 0.008896 0.871390 0.013965 0.039480
1 0.027954 0.974800 0.010679 0.027367
1 0.018262 0.985790 0.009036 0.026020
1 0.003442 0.567483 0.006884 0.029080
1 0.111611 0.419108 0.009318 0.033230
1 0.106476 0.339743 0.012550 0.042060
1 0.091559 0.265230 0.011219 0.031673
1 0.035550 0.236803 0.014642 0.031413
1 0.077997 0.119770 0.008900 0.027727
1 0.087888 0.101045 0.009354 0.019983
1 0.086044 0.087223 0.007977 0.018780
1 0.220728 0.167910 0.010817 0.019533
1 0.220063 0.184248 0.012605 0.021157
1 0.192865 0.232925 0.012219 0.027483
1 0.170964 0.297308 0.011224 0.022237
1 0.228160 0.043062 0.007524 0.017790
1 0.263172 0.349427 0.010743 0.025700
2 0.174331 0.795608 0.018618 0.044170
