1 0.113297 0.716930 0.007167 0.028573
1 0.110717 0.794230 0.006019 0.016440
1 0.093303 0.848437 0.011036 0.027787
1 0.016548 0.725150 0.010892 0.028573
1 0.153546 0.859632 0.008698 0.021390
1 0.172640 0.863408 0.009907 0.031143
1 0.191591 0.898483 0.010138 0.030200
1 0.121303 0.907830 0.010714 0.029447
1 0.061985 0.924203 0.012240 0.029273
1 0.260986 0.858587 0.010272 0.029680
1 0.311689 0.750955 0.012303 0.036203
1 0.326858 0.900823 0.015168 0.039140
1 0.344655 0.919742 0.011586 0.032617
1 0.290535 0.985627 0.010631 0.025440
1 0.025997 0.068858 0.011500 0.027290
1 0.049066 0.076522 0.013005 0.031403
1 0.123271 0.092410 0.008077 0.024300
1 0.120739 0.117833 0.007393 0.018320
2 0.077313 0.015557 0.010509 0.022233
2 0.127465 0.005148 0.007483 0.010297
2 0.146243 0.746088 0.009023 0.026443
1 0.148679 0.033865 0.007947 0.022057
1 0.159235 0.238438 0.007322 0.019210
1 0.184763 0.267517 0.011600 0.033233
1 0.164891 0.290753 0.010459 0.022587
1 0.372526 0.041910 0.013547 0.030507
1 0.434682 0.230048 0.010697 0.030723
1 0.411468 0.263692 0.010221 0.026177
1 0.403909 0.347030 0.013074 0.034400
1 0.441345 0.368340 0.010934 0.028560
0 0.475485 0.411903 0.010520 0.025667
1 0.375410 0.417215 0.011049 0.029083
1 0.356299 0.458255 0.012244 0.031257
1 0.370682 0.555288 0.011945 0.030170
1 0.407510 0.572547 0.010352 0.024460
1 0.400393 0.617800 0.010649 0.028540
1 0.397905 0.652592 0.009655 0.023103
1 0.377401 0.647698 0.014034 0.029083
1 0.451405 0.579885 0.012144 0.030983
1 0.297592 0.347747 0.017543 0.046967
1 0.255109 0.365595 0.009976 0.021603
1 0.258205 0.481838 0.015824 0.038043
1 0.159653 0.473892 0.009495 0.019163
1 0.094091 0.653527 0.007166 0.025440
1 0.135571 0.736500 0.008744 0.030140
