1 0.224368 0.582743 0.014250 0.038913
1 0.239916 0.477918 0.016781 0.041770
1 0.250276 0.397888 0.014375 0.041437
1 0.252444 0.336047 0.013235 0.032400
1 0.251696 0.288285 0.012550 0.029857
1 0.183954 0.240127 0.007130 0.018173
1 0.182576 0.201832 0.008557 0.016877
1 0.164036 0.258558 0.010078 0.021290
1 0.125102 0.270502 0.008651 0.023363
1 0.109414 0.240775 0.018730 0.040243
1 0.063553 0.137653 0.011523 0.023367
1 0.129555 0.093538 0.016429 0.041123
1 0.239907 0.095412 0.011979 0.019990
1 0.252504 0.028430 0.008651 0.028820
1 0.348769 0.058807 0.014071 0.032453
1 0.367299 0.173663 0.010743 0.027520
1 0.427323 0.073225 0.014375 0.036137
1 0.437420 0.277443 0.012665 0.028973
1 0.369593 0.298783 0.010040 0.026793
1 0.435276 0.693365 0.012214 0.028483
1 0.479117 0.657125 0.008253 0.025963
1 0.489615 0.644777 0.010365 0.032273
1 0.426370 0.885183 0.009032 0.027260
1 0.439396 0.961252 0.011124 0.028297
1 0.120927 0.789735 0.020902 0.045663
1 0.359820 0.458670 0.015753 0.034087
2 0.317407 0.719652 0.009014 0.020563
1 0.297898 0.685848 0.008101 0.021497
1 0.334521 0.640053 0.008101 0.022120
1 0.283693 0.709683 0.011637 0.023680
2 0.198663 0.884208 0.008873 0.019903
1 0.235069 0.878043 0.015133 0.042620
0 0.182539 0.864847 0.014341 0.029207
0 0.005911 0.583005 0.011821 0.035050
0 0.295665 0.523980 0.012148 0.025600
2 0.306526 0.531192 0.008385 0.024157
1 0.322175 0.546247 0.008649 0.021093
2 0.003076 0.894867 0.006152 0.023913
2 0.114061 0.034510 0.008478 0.019687
2 0.374473 0.100300 0.008804 0.020407
1 0.065424 0.975650 0.012094 0.028973
1 0.038156 0.762397 0.012550 0.037387
1 0.019731 0.742613 0.010155 0.025233
1 0.010889 0.888260 0.007302 0.025547
1 0.131234 0.698280 0.009983 0.026740
1 0.177587 0.551222 0.010062 0.022717
1 0.181985 0.446400 0.008081 0.022500
