0 0.065323 0.838877 0.012439 0.032020
0 0.459951 0.868408 0.014717 0.027417
1 0.209771 0.047735 0.015745 0.032897
1 0.275031 0.086042 0.010498 0.027403
1 0.159261 0.277115 0.012264 0.044137
1 0.220813 0.313903 0.008176 0.026740
1 0.135767 0.455943 0.013881 0.026480
1 0.113329 0.542397 0.011599 0.022327
1 0.024016 0.331097 0.015912 0.032453
1 0.077460 0.638795 0.014194 0.027777
1 0.131045 0.698230 0.012539 0.027780
1 0.111645 0.715348 0.011119 0.025843
1 0.102880 0.951692 0.010743 0.034010
1 0.166556 0.837407 0.007131 0.017307
1 0.223103 0.760493 0.012598 0.030720
1 0.251301 0.717007 0.010062 0.022500
1 0.363418 0.852438 0.008367 0.018950
1 0.475396 0.726915 0.010616 0.022503
1 0.438490 0.335915 0.014033 0.035830
1 0.399766 0.239328 0.011409 0.028323
1 0.352780 0.110573 0.008716 0.024880
2 0.313617 0.875482 0.008442 0.016510
2 0.421361 0.883042 0.010015 0.017277
2 0.453087 0.966893 0.008583 0.024187
2 0.462615 0.815668 0.008716 0.027223
2 0.468491 0.804402 0.007659 0.018030
2 0.307057 0.729148 0.012664 0.028977
2 0.237187 0.843487 0.011409 0.023367
2 0.205755 0.790055 0.012435 0.035517
2 0.137125 0.779390 0.014786 0.034993
2 0.138012 0.967007 0.011041 0.024767
2 0.038924 0.991563 0.007262 0.014240
2 0.048883 0.771137 0.008398 0.022933
2 0.039457 0.705455 0.005808 0.010643
2 0.087754 0.482008 0.006750 0.019990
2 0.131923 0.473152 0.007794 0.015130
2 0.220176 0.369812 0.006846 0.020563
2 0.285418 0.410198 0.009032 0.018390
2 0.332045 0.463853 0.009746 0.024013
2 0.316159 0.509503 0.010775 0.017960
2 0.047404 0.061317 0.004468 0.013760
2 0.352627 0.199878 0.005420 0.015577
2 0.411384 0.172748 0.010933 0.025183
2 0.478058 0.255010 0.006973 0.015793
2 0.497886 0.189670 0.007222 0.015440
2 0.368963 0.073500 0.006732 0.017447
2 0.362076 0.065893 0.005887 0.021033
2 0.354924 0.065518 0.010729 0.028097
2 0.349916 0.074533 0.010509 0.027793
2 0.348073 0.095267 0.010785 0.022687
2 0.338693 0.095342 0.008308 0.018630
2 0.339517 0.065368 0.009188 0.017877
2 0.331182 0.067320 0.008142 0.018480
2 0.330604 0.082422 0.010068 0.018630
2 0.314235 0.065143 0.005392 0.015627
2 0.311952 0.035093 0.008418 0.021033
2 0.319957 0.024352 0.007043 0.021483
2 0.336271 0.028708 0.007977 0.013370
2 0.335831 0.038400 0.006987 0.013820
2 0.340865 0.034268 0.006492 0.023590
2 0.347633 0.037348 0.007483 0.024037
2 0.351622 0.046662 0.007867 0.022537
