1 0.097815 0.843212 0.013120 0.032403
1 0.158969 0.867980 0.009697 0.031467
1 0.081917 0.963315 0.007153 0.016403
1 0.043012 0.885313 0.012885 0.031927
1 0.054244 0.681220 0.008024 0.018607
1 0.232676 0.083428 0.011569 0.027910
1 0.373666 0.394897 0.015608 0.033647
1 0.428567 0.382560 0.009309 0.020187
1 0.418436 0.453405 0.012047 0.025050
1 0.233539 0.959067 0.007448 0.021200
1 0.245070 0.781342 0.008477 0.023150
2 0.277501 0.993632 0.012223 0.012737
1 0.437686 0.673942 0.016167 0.038223
1 0.314959 0.722123 0.013209 0.033380
1 0.067933 0.407607 0.009413 0.022327
1 0.088279 0.436557 0.010554 0.027260
1 0.452906 0.900578 0.013120 0.026223
2 0.465260 0.976668 0.007373 0.021637
2 0.476315 0.709630 0.008870 0.023140
1 0.477075 0.263335 0.012645 0.025703
1 0.370038 0.108523 0.008635 0.020987
1 0.405178 0.448793 0.008214 0.024613
1 0.107656 0.671462 0.011315 0.034530
1 0.092158 0.635893 0.010173 0.028820
1 0.244583 0.582262 0.013462 0.028663
1 0.368137 0.464442 0.007886 0.026470
1 0.321068 0.462647 0.009365 0.021980
0 0.033672 0.359193 0.015115 0.032300
1 0.018259 0.159555 0.012437 0.034270
1 0.047923 0.101918 0.016771 0.039877
1 0.280980 0.337032 0.009036 0.021983
1 0.070650 0.262802 0.010724 0.028350
1 0.150259 0.246825 0.010934 0.030637
1 0.157390 0.266165 0.009792 0.024663
1 0.182490 0.211905 0.011123 0.020510
1 0.171937 0.270320 0.010934 0.028300
1 0.199323 0.142793 0.012437 0.028973
1 0.243724 0.303470 0.009408 0.025693
