1 0.137925 0.795068 0.007748 0.016510
1 0.136382 0.826628 0.006173 0.011523
1 0.159475 0.912877 0.010317 0.020327
1 0.168633 0.664787 0.006652 0.014653
2 0.180538 0.663137 0.007633 0.017953
1 0.335939 0.788868 0.006233 0.017917
1 0.420939 0.762098 0.019211 0.031817
1 0.412797 0.584028 0.007454 0.016770
1 0.390856 0.616563 0.009447 0.023360
1 0.371136 0.537008 0.006399 0.015337
1 0.456740 0.482297 0.004761 0.013827
1 0.498134 0.665163 0.003967 0.017027
1 0.439493 0.695727 0.007086 0.014333
1 0.409210 0.621167 0.006670 0.014633
1 0.409611 0.607182 0.005795 0.018710
1 0.414641 0.606485 0.005869 0.020103
1 0.225857 0.455928 0.008071 0.018577
1 0.260368 0.560568 0.010521 0.028237
1 0.218011 0.569237 0.013242 0.031207
1 0.161461 0.608732 0.007557 0.017337
0 0.344305 0.801972 0.009921 0.046583
0 0.353176 0.791652 0.014225 0.048017
0 0.226058 0.687133 0.014475 0.038933
0 0.075477 0.918773 0.015146 0.039627
0 0.443336 0.398692 0.016962 0.028483
2 0.025106 0.124265 0.005747 0.016050
2 0.207863 0.185993 0.007139 0.014907
2 0.347457 0.701665 0.009905 0.017237
2 0.392898 0.683537 0.006313 0.016047
2 0.385443 0.738668 0.006857 0.015750
2 0.455253 0.602102 0.006259 0.015603
1 0.446973 0.455778 0.008345 0.020803
1 0.357847 0.760577 0.009131 0.020353
1 0.453635 0.070688 0.006425 0.014790
1 0.337900 0.273222 0.005593 0.018370
1 0.354106 0.129023 0.008318 0.018073
1 0.345195 0.281582 0.008239 0.021463
1 0.318060 0.356810 0.009902 0.025800
1 0.265012 0.249888 0.009186 0.018203
1 0.205068 0.253097 0.010803 0.019587
1 0.202225 0.231657 0.008092 0.018513
1 0.219612 0.162575 0.007261 0.016363
1 0.227616 0.137372 0.005774 0.014930
1 0.239565 0.094920 0.006740 0.016167
1 0.217262 0.055105 0.007622 0.019437
1 0.245102 0.019847 0.004850 0.014273
2 0.255406 0.027672 0.003905 0.012383
1 0.111062 0.462880 0.008442 0.018513
1 0.122179 0.787157 0.006487 0.017887
