1 0.169954 0.969820 0.010629 0.029760
1 0.186953 0.897552 0.010078 0.025443
1 0.144835 0.878210 0.008176 0.022067
1 0.139749 0.884960 0.008081 0.019473
2 0.441827 0.952650 0.006536 0.020013
2 0.094454 0.765145 0.006655 0.024143
1 0.495783 0.523768 0.008517 0.027583
0 0.051673 0.016763 0.010382 0.023053
0 0.049163 0.030940 0.008099 0.017133
0 0.057720 0.042000 0.008101 0.021807
0 0.231469 0.166560 0.011409 0.023367
0 0.229686 0.200203 0.011171 0.028773
0 0.393928 0.693530 0.010953 0.032900
2 0.192577 0.718907 0.016594 0.029160
2 0.308649 0.681448 0.014130 0.035890
2 0.304460 0.798090 0.015936 0.031407
1 0.342071 0.730747 0.010743 0.027260
1 0.304231 0.744505 0.013406 0.030377
1 0.348916 0.752295 0.011885 0.034010
1 0.372162 0.792405 0.007797 0.020770
2 0.450377 0.777130 0.015969 0.037687
2 0.386224 0.621600 0.013007 0.029907
1 0.431575 0.609450 0.009926 0.031780
2 0.378903 0.370935 0.012455 0.031157
2 0.422953 0.120745 0.013965 0.035890
1 0.411144 0.183463 0.013596 0.036347
2 0.239777 0.023707 0.012479 0.028307
2 0.154025 0.038230 0.011295 0.022433
0 0.210168 0.143700 0.009033 0.026067
1 0.169690 0.088545 0.014375 0.040190
1 0.048663 0.187460 0.020106 0.051093
1 0.065085 0.382125 0.012836 0.039203
1 0.012698 0.453002 0.013977 0.035570
1 0.010338 0.645372 0.011637 0.042683
1 0.015529 0.593342 0.017456 0.045797
2 0.209465 0.407208 0.011620 0.025783
2 0.045680 0.838098 0.010078 0.021030
1 0.100297 0.751290 0.013800 0.034453
1 0.125620 0.982163 0.006866 0.013340
