1 0.223687 0.536225 0.010269 0.024663
1 0.154233 0.504292 0.013406 0.025703
1 0.146161 0.313598 0.010934 0.034010
1 0.225807 0.276785 0.017400 0.038683
1 0.135714 0.208478 0.015608 0.033750
1 0.106634 0.027030 0.012814 0.033200
1 0.185083 0.042733 0.012322 0.036787
1 0.048537 0.348830 0.019015 0.041540
1 0.017001 0.691847 0.005693 0.013040
1 0.021051 0.700662 0.007222 0.015023
1 0.260718 0.979723 0.015978 0.027947
1 0.412847 0.874288 0.013668 0.027583
1 0.411234 0.781278 0.012421 0.030510
1 0.381075 0.713622 0.012883 0.028170
1 0.426537 0.519030 0.012202 0.027693
1 0.475654 0.400378 0.017662 0.035157
1 0.482988 0.136152 0.012595 0.034023
1 0.346695 0.096187 0.016315 0.037073
1 0.260613 0.059580 0.011865 0.030533
2 0.105981 0.969843 0.008650 0.019833
2 0.410146 0.393110 0.012815 0.027367
2 0.345185 0.035700 0.013690 0.038167
2 0.059968 0.148340 0.009353 0.021407
2 0.188362 0.534425 0.005942 0.013670
1 0.308765 0.536095 0.008848 0.021277
1 0.324347 0.569883 0.011091 0.021093
1 0.289915 0.570532 0.013535 0.022357
1 0.307862 0.706512 0.016954 0.038223
1 0.240290 0.699117 0.009508 0.029567
1 0.189319 0.696322 0.019675 0.040203
1 0.174694 0.622220 0.012347 0.028667
1 0.195164 0.521167 0.010648 0.027780
