1 0.189560 0.321668 0.007474 0.020030
1 0.274682 0.465792 0.007679 0.019510
1 0.298135 0.528630 0.009772 0.024160
1 0.346379 0.845045 0.007131 0.017310
1 0.364359 0.921885 0.005579 0.012103
1 0.362410 0.930170 0.006113 0.010953
1 0.376165 0.940500 0.008177 0.014920
1 0.427714 0.619882 0.008635 0.019257
1 0.445223 0.601492 0.008003 0.022283
1 0.464635 0.628860 0.009111 0.020340
1 0.491969 0.701338 0.007368 0.020337
1 0.452820 0.414985 0.008671 0.021497
1 0.415054 0.372050 0.009308 0.019407
1 0.362903 0.380622 0.010364 0.030377
1 0.324644 0.411260 0.008385 0.019293
1 0.318832 0.230488 0.007188 0.015890
1 0.287267 0.106115 0.009045 0.023797
1 0.333903 0.035480 0.006511 0.017153
1 0.436788 0.029725 0.007725 0.018570
1 0.442830 0.016473 0.007395 0.020553
1 0.432397 0.008000 0.006866 0.015867
1 0.099578 0.723098 0.006107 0.013670
1 0.465410 0.009858 0.007922 0.019717
2 0.155078 0.595177 0.007395 0.016587
0 0.152555 0.612310 0.026226 0.038293
0 0.123716 0.181818 0.011027 0.026503
2 0.321760 0.012575 0.010126 0.020657
2 0.423509 0.372263 0.008363 0.021633
2 0.426700 0.345445 0.006492 0.014877
2 0.417924 0.697413 0.008367 0.023627
2 0.486447 0.836017 0.010538 0.020987
2 0.465923 0.929157 0.005613 0.014580
2 0.056342 0.441210 0.004723 0.011880
2 0.059871 0.448637 0.005042 0.013693
1 0.008614 0.178250 0.008517 0.021093
1 0.017065 0.161393 0.009045 0.019473
1 0.021456 0.183388 0.008584 0.023077
1 0.027728 0.162475 0.007791 0.019470
1 0.036345 0.163285 0.007858 0.027943
1 0.043311 0.147600 0.008452 0.016407
1 0.047007 0.164187 0.008187 0.017487
1 0.034860 0.194837 0.010300 0.022173
1 0.049319 0.220798 0.009111 0.021457
1 0.110486 0.316235 0.009170 0.023537
1 0.025054 0.415822 0.008583 0.017310
1 0.074771 0.437457 0.008055 0.015867
1 0.013364 0.713982 0.004585 0.011517
1 0.039883 0.884422 0.008583 0.023257
1 0.058337 0.894067 0.004688 0.010820
1 0.112637 0.890243 0.006074 0.012260
1 0.212545 0.917362 0.008207 0.018657
1 0.263260 0.823645 0.007922 0.019110
1 0.190577 0.714407 0.008162 0.020533
1 0.224024 0.675895 0.007928 0.017650
1 0.168245 0.414872 0.006273 0.013823
1 0.241655 0.089453 0.007107 0.014147
1 0.225659 0.273583 0.007263 0.019833
