1 0.130005 0.426422 0.010088 0.028723
1 0.153509 0.447817 0.009659 0.029307
1 0.027694 0.155730 0.012820 0.027680
1 0.115009 0.110830 0.011896 0.026867
1 0.139337 0.097275 0.009928 0.016850
1 0.078416 0.030800 0.010386 0.028867
1 0.210463 0.044423 0.012894 0.025440
1 0.210128 0.068950 0.011030 0.021167
1 0.249071 0.065795 0.010957 0.020150
1 0.328769 0.067063 0.013773 0.025887
1 0.044859 0.865275 0.007379 0.015263
1 0.077914 0.926537 0.008497 0.017707
1 0.353051 0.036292 0.012611 0.033703
1 0.402288 0.055585 0.011985 0.023443
1 0.414407 0.138257 0.007781 0.019293
1 0.460602 0.178798 0.016456 0.031017
1 0.415870 0.450045 0.010518 0.026670
1 0.364726 0.334280 0.009977 0.027840
1 0.309724 0.295887 0.007513 0.018467
1 0.304626 0.371500 0.009337 0.021980
1 0.281014 0.360508 0.008907 0.018170
1 0.337253 0.393627 0.007834 0.015827
1 0.323193 0.424547 0.009124 0.021980
1 0.261281 0.735795 0.011746 0.020257
1 0.197451 0.791080 0.008036 0.016880
1 0.183309 0.824203 0.010970 0.022353
1 0.190187 0.833493 0.009272 0.015613
1 0.237214 0.924062 0.012880 0.031357
1 0.331232 0.790273 0.007299 0.021687
1 0.322485 0.731073 0.007406 0.015827
1 0.418778 0.757108 0.010149 0.023337
1 0.396492 0.945725 0.006439 0.022957
1 0.405391 0.970392 0.007245 0.017097
1 0.365054 0.964165 0.008318 0.018317
2 0.490878 0.895438 0.007603 0.017830
1 0.347301 0.988342 0.007334 0.016850
1 0.322079 0.983458 0.007156 0.014897
1 0.486611 0.630940 0.011128 0.026147
1 0.392753 0.555763 0.009192 0.022387
1 0.497098 0.298340 0.005706 0.025860
1 0.230067 0.749802 0.011182 0.023990
2 0.190648 0.720983 0.009470 0.019940
1 0.038748 0.857643 0.005591 0.015467
1 0.091645 0.516975 0.006801 0.017303
1 0.042533 0.350077 0.005581 0.013187
