2 0.039728 0.137958 0.016771 0.029910
2 0.199445 0.601603 0.010142 0.023367
0 0.423082 0.467427 0.014000 0.031187
0 0.342094 0.804767 0.017969 0.034547
0 0.497853 0.749053 0.014897 0.034420
0 0.159837 0.086908 0.010844 0.022610
1 0.059421 0.851182 0.016429 0.044550
1 0.072542 0.914892 0.012551 0.023677
1 0.145377 0.905222 0.014459 0.035517
1 0.201972 0.849333 0.018453 0.049100
1 0.300360 0.879442 0.013311 0.027477
1 0.329636 0.881607 0.011963 0.024013
1 0.387221 0.927740 0.014196 0.033893
1 0.380152 0.746982 0.017743 0.038763
1 0.383875 0.446078 0.013577 0.034270
1 0.452952 0.423282 0.014736 0.038683
1 0.431096 0.395810 0.007749 0.018153
1 0.434764 0.391678 0.007932 0.020657
1 0.435613 0.376545 0.007153 0.022443
1 0.419777 0.176798 0.008875 0.021850
1 0.302714 0.164985 0.014104 0.030723
1 0.049906 0.013337 0.013577 0.026673
1 0.035747 0.419285 0.012361 0.037643
2 0.009307 0.521453 0.008558 0.019227
2 0.036717 0.634485 0.007987 0.021810
2 0.203248 0.694852 0.012677 0.028990
2 0.037905 0.723795 0.009412 0.023363
2 0.033912 0.782470 0.007321 0.021287
2 0.026544 0.774292 0.008937 0.022590
2 0.105890 0.768627 0.010459 0.024880
2 0.106999 0.748075 0.009032 0.019690
2 0.175264 0.944305 0.010776 0.024450
2 0.182553 0.929572 0.009191 0.025310
2 0.191902 0.922432 0.007131 0.021417
2 0.199746 0.931735 0.008557 0.020983
2 0.206916 0.946338 0.009745 0.026397
2 0.206837 0.976628 0.008003 0.026397
2 0.191863 0.957612 0.011172 0.019903
2 0.184058 0.973513 0.011884 0.020553
2 0.428649 0.890545 0.006477 0.016223
2 0.440070 0.929848 0.007137 0.017670
2 0.496511 0.626160 0.007051 0.018607
2 0.497026 0.643253 0.009032 0.022933
2 0.446041 0.609610 0.012122 0.028340
2 0.385479 0.618485 0.007015 0.015777
2 0.383782 0.609908 0.006373 0.015150
2 0.344825 0.482343 0.007395 0.021273
2 0.407999 0.452242 0.007107 0.018677
2 0.418068 0.449747 0.008716 0.021993
2 0.416107 0.212680 0.010167 0.021993
2 0.350720 0.194647 0.009132 0.017113
2 0.385656 0.105627 0.010281 0.020660
2 0.393258 0.097385 0.009285 0.019197
2 0.242483 0.319937 0.011885 0.028560
2 0.193360 0.269633 0.012042 0.033967
2 0.156710 0.393007 0.009023 0.020433
2 0.112679 0.180110 0.010839 0.033960
1 0.137803 0.719408 0.010775 0.019690
2 0.147990 0.142880 0.013007 0.029287
2 0.058542 0.061100 0.018484 0.037700
2 0.022261 0.215627 0.013920 0.025860
