1 0.062933 0.874758 0.008716 0.021637
1 0.112889 0.971878 0.012517 0.027297
0 0.273179 0.949332 0.016506 0.039637
1 0.421633 0.117740 0.008319 0.025747
1 0.309222 0.340687 0.012184 0.027287
1 0.334208 0.264983 0.012870 0.028413
1 0.304901 0.732162 0.023674 0.048290
2 0.217773 0.128077 0.010469 0.022433
2 0.127621 0.600378 0.016259 0.034530
1 0.367257 0.545900 0.013865 0.036567
1 0.194861 0.398470 0.011691 0.026153
1 0.181033 0.362852 0.010168 0.023977
2 0.459318 0.286125 0.025382 0.055990
1 0.414109 0.275638 0.013280 0.036263
1 0.404183 0.194323 0.010679 0.020933
1 0.362960 0.646800 0.013827 0.032527
1 0.411508 0.690768 0.017510 0.038510
1 0.489055 0.845823 0.010934 0.029080
1 0.460294 0.887103 0.009127 0.028040
1 0.275121 0.880208 0.007126 0.017317
1 0.272738 0.889100 0.005554 0.013900
1 0.243539 0.755332 0.010515 0.026917
1 0.216512 0.708225 0.011665 0.026917
2 0.475596 0.690765 0.014375 0.030657
2 0.481341 0.948077 0.010775 0.022933
2 0.368395 0.979825 0.018484 0.035517
2 0.307248 0.926613 0.012281 0.026180
1 0.182468 0.495455 0.007062 0.019657
1 0.177126 0.502653 0.008024 0.027547
1 0.072696 0.371525 0.009584 0.023823
1 0.034910 0.238918 0.009746 0.020770
1 0.152028 0.288265 0.010186 0.028263
1 0.002025 0.284028 0.004049 0.033103
1 0.005220 0.589707 0.010439 0.037907
1 0.046954 0.661882 0.013301 0.034790
1 0.107429 0.614852 0.012756 0.028123
1 0.087283 0.720877 0.012545 0.021273
1 0.301813 0.119717 0.008872 0.025120
1 0.488146 0.166095 0.009508 0.021203
1 0.089066 0.734400 0.009640 0.019113
1 0.056476 0.803752 0.010950 0.022537
2 0.489318 0.229673 0.009755 0.026093
0 0.272350 0.368822 0.015627 0.041857
1 0.403925 0.068953 0.011250 0.022500
