1 0.385751 0.288105 0.017169 0.036017
2 0.022098 0.716997 0.008914 0.023180
2 0.067725 0.658903 0.006578 0.019413
2 0.073826 0.667158 0.006897 0.018543
2 0.080988 0.691498 0.006366 0.017383
2 0.083482 0.702798 0.005836 0.015643
2 0.002393 0.589422 0.004785 0.019517
2 0.117880 0.019638 0.005731 0.017743
2 0.121155 0.015657 0.005015 0.014533
2 0.161714 0.212210 0.015024 0.033727
2 0.226632 0.236585 0.005959 0.015437
2 0.190037 0.437275 0.013751 0.027957
2 0.181481 0.504033 0.012529 0.027953
2 0.266537 0.741477 0.007267 0.017747
2 0.211152 0.969285 0.006202 0.015090
2 0.217691 0.968448 0.006632 0.022470
2 0.125836 0.969505 0.006781 0.013623
2 0.400345 0.708303 0.011259 0.020260
2 0.383896 0.463642 0.007322 0.016223
2 0.405012 0.335573 0.010504 0.026660
2 0.457375 0.074338 0.012969 0.032597
2 0.414540 0.105190 0.016425 0.036160
2 0.092225 0.194120 0.019841 0.040853
0 0.233798 0.538170 0.016182 0.036460
1 0.203879 0.639363 0.011348 0.017507
1 0.204653 0.652342 0.008180 0.017710
1 0.234351 0.806673 0.008481 0.016420
1 0.185933 0.931063 0.014993 0.037027
1 0.169867 0.991573 0.011318 0.016853
1 0.222371 0.980263 0.008392 0.021940
1 0.284013 0.982942 0.019364 0.034117
1 0.482573 0.739910 0.011715 0.029207
1 0.487921 0.716265 0.011460 0.025730
1 0.310832 0.677465 0.009816 0.020763
1 0.487706 0.423407 0.015739 0.038633
1 0.322173 0.406447 0.020054 0.045780
