2 0.431289 0.388043 0.008240 0.026613
0 0.185002 0.080322 0.018026 0.053897
0 0.376130 0.467030 0.008557 0.023107
1 0.341044 0.924207 0.016429 0.040500
1 0.227820 0.517203 0.012435 0.037073
1 0.245447 0.503340 0.011866 0.026793
1 0.231528 0.446638 0.015061 0.033023
1 0.003958 0.437598 0.007916 0.029357
1 0.028188 0.393532 0.008253 0.022357
1 0.029872 0.411020 0.006866 0.019833
1 0.035055 0.415167 0.007725 0.023800
1 0.041328 0.423188 0.008781 0.022897
1 0.062524 0.228213 0.014148 0.043307
1 0.033546 0.106087 0.015516 0.037073
1 0.174597 0.118072 0.013785 0.037903
1 0.259866 0.327747 0.010378 0.028773
1 0.397285 0.103843 0.016449 0.044913
1 0.395098 0.064642 0.019680 0.047510
1 0.441255 0.093045 0.015773 0.042170
1 0.499246 0.200510 0.007197 0.027587
1 0.449647 0.506388 0.007448 0.023150
1 0.432889 0.580057 0.010221 0.027693
1 0.366602 0.686778 0.017000 0.049850
2 0.486575 0.555398 0.011752 0.026323
2 0.454916 0.569913 0.009310 0.024700
2 0.448149 0.575502 0.009640 0.026503
2 0.465120 0.475623 0.007130 0.020987
2 0.471110 0.464152 0.007722 0.018403
2 0.469321 0.453912 0.006495 0.015477
2 0.352565 0.327097 0.013390 0.035913
2 0.321578 0.280495 0.014736 0.030937
2 0.347757 0.168190 0.007721 0.024673
2 0.288283 0.336427 0.014293 0.038133
2 0.446265 0.150467 0.018218 0.034887
2 0.464272 0.080607 0.010062 0.025313
2 0.454281 0.065788 0.007527 0.023797
2 0.210844 0.087955 0.006960 0.020563
2 0.219959 0.103533 0.008785 0.019940
2 0.164967 0.297470 0.006274 0.013707
2 0.189782 0.382365 0.009811 0.021497
1 0.101302 0.392718 0.013549 0.038943
2 0.076701 0.452862 0.008873 0.016877
2 0.075370 0.462505 0.006023 0.016230
2 0.078421 0.471020 0.005917 0.016593
2 0.082495 0.469100 0.006156 0.017533
2 0.003047 0.602068 0.006095 0.024923
2 0.032221 0.517328 0.010040 0.030530
2 0.023665 0.502062 0.013007 0.028663
2 0.020356 0.462963 0.007987 0.023367
2 0.027430 0.460003 0.010267 0.025547
1 0.167447 0.513318 0.024479 0.058770
1 0.139763 0.575007 0.020701 0.056527
2 0.202276 0.585548 0.010350 0.031850
2 0.219199 0.646337 0.015280 0.037687
2 0.273990 0.645888 0.014457 0.037683
2 0.322867 0.680657 0.010680 0.026467
2 0.363200 0.841267 0.010844 0.029160
2 0.286312 0.778457 0.009529 0.029160
2 0.293458 0.779130 0.008379 0.021533
2 0.284258 0.811655 0.011664 0.023777
2 0.285408 0.829825 0.013636 0.031403
2 0.026688 0.728338 0.006846 0.017757
2 0.391085 0.599463 0.011409 0.027260
1 0.399661 0.254347 0.019396 0.054260
1 0.056284 0.310555 0.021393 0.051143
