2 0.293727 0.188300 0.016189 0.035413
1 0.153245 0.056847 0.008835 0.015813
1 0.017687 0.151158 0.006506 0.015310
1 0.331323 0.200877 0.011747 0.030387
1 0.272975 0.461560 0.012771 0.022860
1 0.270238 0.485447 0.009016 0.021393
1 0.229688 0.564875 0.006083 0.015630
1 0.158826 0.512415 0.006260 0.014163
1 0.157441 0.643700 0.005292 0.016487
1 0.118124 0.776275 0.007677 0.027677
1 0.070269 0.732100 0.007515 0.016453
1 0.027198 0.758747 0.013414 0.034273
1 0.230997 0.842115 0.006112 0.009157
1 0.232294 0.849462 0.004493 0.011370
1 0.299470 0.925030 0.007305 0.017300
1 0.298986 0.940092 0.008274 0.016483
1 0.323024 0.941618 0.008339 0.015117
1 0.320742 0.955507 0.008734 0.016980
1 0.326475 0.973665 0.008340 0.020317
1 0.332010 0.983595 0.009202 0.020943
1 0.321909 0.990875 0.008489 0.018250
1 0.276052 0.921347 0.006410 0.014040
1 0.395186 0.593255 0.005455 0.011723
1 0.414147 0.635993 0.008138 0.019540
1 0.103569 0.557018 0.005963 0.014450
1 0.108710 0.388705 0.008540 0.019503
1 0.120588 0.377682 0.005486 0.015830
1 0.104286 0.223798 0.005859 0.012857
1 0.101806 0.233810 0.006434 0.014820
1 0.191068 0.033507 0.007944 0.016293
1 0.213309 0.014263 0.007090 0.017100
1 0.468085 0.741288 0.008868 0.016690
1 0.485190 0.723073 0.007900 0.017707
1 0.192296 0.878263 0.004762 0.010600
1 0.192761 0.886392 0.004968 0.009610
1 0.190587 0.992463 0.005486 0.011447
1 0.245859 0.764878 0.007601 0.014043
2 0.284917 0.143972 0.016636 0.038590
