2 0.126222 0.058528 0.010808 0.021630
0 0.242597 0.588825 0.010297 0.020483
0 0.394210 0.504087 0.008679 0.019680
2 0.342802 0.519448 0.015813 0.029623
2 0.336552 0.393652 0.011798 0.026083
2 0.263463 0.527448 0.013177 0.030963
2 0.194504 0.590608 0.012411 0.028870
2 0.260925 0.663697 0.012504 0.027780
2 0.268898 0.773533 0.014636 0.030327
2 0.144323 0.957535 0.013680 0.035950
1 0.185200 0.652275 0.013121 0.026483
0 0.082183 0.707030 0.011331 0.036347
0 0.073983 0.698483 0.008715 0.034400
2 0.056083 0.572210 0.007728 0.017547
2 0.485199 0.041418 0.010759 0.029177
2 0.227805 0.204583 0.012158 0.028773
2 0.386467 0.982735 0.013116 0.031590
2 0.401533 0.811167 0.009149 0.031020
2 0.407704 0.811165 0.007368 0.028670
2 0.417928 0.808568 0.011360 0.023810
2 0.417836 0.826508 0.010807 0.023810
2 0.126591 0.075128 0.010808 0.023977
2 0.128126 0.086447 0.010316 0.019787
1 0.106633 0.075465 0.013386 0.038063
1 0.128026 0.189853 0.017686 0.048493
1 0.109568 0.205347 0.026306 0.064187
1 0.179739 0.218103 0.015253 0.042860
1 0.261590 0.296212 0.015106 0.041750
1 0.288731 0.252598 0.013878 0.040410
1 0.366016 0.133077 0.021246 0.055333
1 0.494005 0.240160 0.013688 0.043173
1 0.343689 0.683547 0.015105 0.040913
1 0.365195 0.972942 0.017041 0.043457
1 0.489236 0.938597 0.010760 0.031807
