1 0.012725 0.134377 0.012598 0.023800
1 0.010665 0.109713 0.009745 0.023367
2 0.053174 0.050945 0.015912 0.040923
1 0.113657 0.134400 0.017430 0.030940
1 0.159066 0.050633 0.010408 0.034467
1 0.348475 0.283077 0.009720 0.022060
1 0.213675 0.326512 0.009242 0.020250
1 0.156061 0.435123 0.014923 0.034393
1 0.255732 0.490082 0.012460 0.035143
1 0.229993 0.531952 0.009995 0.025423
1 0.209251 0.455687 0.014786 0.037387
1 0.173243 0.551205 0.012869 0.030283
1 0.179063 0.619247 0.008625 0.024300
1 0.061333 0.630015 0.011912 0.029163
1 0.021287 0.696187 0.010953 0.025420
1 0.061538 0.722357 0.017524 0.044113
1 0.232307 0.832607 0.012870 0.032153
1 0.336769 0.882892 0.030120 0.078883
2 0.194628 0.662727 0.011364 0.023180
2 0.007238 0.353273 0.009812 0.025860
2 0.063827 0.348290 0.012778 0.023367
2 0.325875 0.289040 0.011694 0.022587
1 0.227309 0.346295 0.010040 0.021183
2 0.464952 0.443988 0.009507 0.020783
2 0.399179 0.591732 0.007701 0.021290
0 0.352076 0.058070 0.010142 0.032020
0 0.488834 0.161072 0.016416 0.042077
0 0.483721 0.137610 0.012240 0.036307
0 0.475513 0.142067 0.010223 0.030540
1 0.373871 0.288872 0.012322 0.031403
1 0.368806 0.325695 0.013965 0.025797
1 0.350733 0.378597 0.013143 0.029907
1 0.335947 0.436172 0.012322 0.025423
1 0.389342 0.422712 0.010952 0.033650
1 0.400980 0.437853 0.010131 0.022807
1 0.471255 0.206323 0.014103 0.037387
1 0.447707 0.350445 0.011637 0.031777
1 0.475470 0.416868 0.011172 0.023150
1 0.456415 0.493133 0.010933 0.027693
1 0.451774 0.620668 0.013965 0.037010
1 0.446474 0.705752 0.013336 0.027043
1 0.335521 0.561515 0.012931 0.030950
1 0.225000 0.803922 0.006787 0.018290
1 0.259754 0.843920 0.009171 0.021913
1 0.220232 0.940853 0.011819 0.021093
1 0.478948 0.807243 0.013311 0.031933
1 0.276653 0.236943 0.012208 0.029287
1 0.292170 0.188653 0.008557 0.025547
1 0.035407 0.312353 0.015973 0.042060
1 0.011210 0.396470 0.015308 0.030633
1 0.026422 0.241865 0.013977 0.036090
