1 0.272086 0.567377 0.007000 0.021513
1 0.445621 0.144313 0.009242 0.025847
1 0.439286 0.153065 0.010286 0.025443
1 0.379659 0.043672 0.007603 0.022797
1 0.384840 0.027288 0.009763 0.027477
1 0.375970 0.006572 0.007676 0.013143
1 0.368778 0.009013 0.007900 0.018027
1 0.246003 0.039180 0.007202 0.015900
1 0.211387 0.124197 0.007297 0.020020
1 0.252529 0.208867 0.005952 0.015073
1 0.187642 0.330008 0.010881 0.023203
1 0.240116 0.285282 0.012112 0.026457
1 0.111512 0.492862 0.008694 0.024910
1 0.120330 0.550912 0.006086 0.015603
1 0.039916 0.609070 0.006770 0.014080
1 0.039614 0.128922 0.006011 0.019637
1 0.025447 0.151343 0.006655 0.014067
0 0.409218 0.481490 0.008584 0.020913
0 0.067107 0.408548 0.016921 0.040823
0 0.411963 0.010610 0.014946 0.021220
1 0.009691 0.891765 0.010088 0.019637
1 0.008618 0.915358 0.009874 0.019930
1 0.080581 0.909643 0.007834 0.021393
1 0.130831 0.869085 0.009659 0.022223
1 0.399426 0.953327 0.009659 0.017233
1 0.396691 0.761803 0.010920 0.020213
0 0.139106 0.404002 0.008372 0.019930
2 0.067123 0.496980 0.008267 0.018487
2 0.101298 0.416018 0.008138 0.024910
2 0.083679 0.379748 0.013684 0.029063
2 0.119131 0.301173 0.007888 0.015773
2 0.132889 0.205687 0.007592 0.020493
2 0.176770 0.118748 0.006770 0.018657
2 0.196539 0.246757 0.006902 0.022260
2 0.184807 0.258247 0.007603 0.023933
2 0.173215 0.402975 0.017064 0.028137
2 0.160892 0.567023 0.010912 0.026620
2 0.185129 0.567878 0.009839 0.023937
2 0.120112 0.918107 0.010767 0.025867
2 0.234321 0.841953 0.010554 0.020027
2 0.262713 0.928283 0.008488 0.024873
2 0.272755 0.925103 0.008903 0.025580
2 0.285249 0.916267 0.009792 0.024900
2 0.309679 0.958642 0.009575 0.020210
2 0.394521 0.741537 0.007505 0.019080
2 0.441312 0.760262 0.012267 0.024310
2 0.488570 0.459615 0.007826 0.021370
2 0.405032 0.449525 0.012050 0.021877
2 0.365070 0.479407 0.006945 0.019907
2 0.336555 0.207320 0.006011 0.014360
2 0.320939 0.319567 0.010197 0.021980
2 0.370674 0.207027 0.009874 0.024327
2 0.372051 0.260568 0.011180 0.028663
2 0.366710 0.283552 0.010435 0.027477
2 0.385964 0.260823 0.011056 0.028153
2 0.384970 0.296270 0.010807 0.026120
2 0.374846 0.309415 0.008447 0.024590
2 0.205112 0.118100 0.009242 0.021167
2 0.029201 0.495333 0.010497 0.022387
2 0.003622 0.539685 0.007245 0.025950
2 0.036592 0.622122 0.010566 0.022497
1 0.419564 0.881965 0.015950 0.033177
2 0.299985 0.650640 0.010062 0.020180
2 0.294829 0.643177 0.008696 0.017807
2 0.296568 0.628422 0.008075 0.023237
2 0.302096 0.632662 0.008696 0.025610
