1 0.213336 0.962158 0.008597 0.017130
0 0.078323 0.299485 0.011005 0.025990
0 0.261907 0.692427 0.010168 0.032453
2 0.363214 0.484542 0.008661 0.021043
2 0.212558 0.199837 0.006151 0.014920
1 0.135728 0.275717 0.005447 0.013973
1 0.161229 0.305915 0.005723 0.013070
1 0.163459 0.166870 0.004673 0.013707
1 0.190023 0.226865 0.008666 0.019283
1 0.213177 0.280353 0.008827 0.020240
1 0.226919 0.189157 0.005955 0.016520
1 0.226266 0.175072 0.006750 0.015650
1 0.257632 0.159553 0.005652 0.014127
1 0.100701 0.134713 0.009409 0.026893
1 0.114002 0.031910 0.008619 0.016027
1 0.060955 0.020802 0.004807 0.011910
1 0.038504 0.110900 0.006266 0.013147
1 0.004053 0.333783 0.005803 0.014607
1 0.074566 0.379908 0.004872 0.011303
1 0.018857 0.489883 0.010355 0.023580
1 0.032986 0.528005 0.008864 0.019997
1 0.088891 0.617152 0.005846 0.015337
1 0.096830 0.625130 0.009340 0.020360
1 0.150670 0.619823 0.006992 0.012207
1 0.112764 0.532988 0.005778 0.012270
1 0.129844 0.549077 0.007656 0.016653
1 0.029636 0.805402 0.007318 0.017577
1 0.056503 0.807575 0.004713 0.009650
1 0.137615 0.949660 0.005503 0.012627
1 0.169624 0.961462 0.006208 0.014083
1 0.189907 0.963853 0.006145 0.015213
1 0.235067 0.949812 0.006909 0.014697
1 0.271744 0.950455 0.005668 0.011910
1 0.365806 0.933287 0.010820 0.024413
1 0.212682 0.679937 0.007418 0.017040
1 0.313157 0.030238 0.006279 0.013283
1 0.436714 0.160750 0.007924 0.021933
1 0.399850 0.219720 0.008033 0.019080
1 0.377457 0.218970 0.006163 0.017280
1 0.446602 0.422547 0.012914 0.030940
1 0.363767 0.467117 0.008716 0.020987
1 0.437419 0.619927 0.011774 0.022987
1 0.466476 0.533202 0.005999 0.014397
