0 0.150963 0.208425 0.011752 0.025963
0 0.449815 0.569847 0.021522 0.050247
1 0.449815 0.691648 0.009694 0.030057
1 0.480127 0.639608 0.008215 0.024677
1 0.472570 0.574333 0.009858 0.033200
1 0.481195 0.575453 0.010022 0.031853
1 0.470196 0.972828 0.007489 0.017423
1 0.390876 0.876763 0.010078 0.023367
1 0.354795 0.885722 0.008462 0.026223
1 0.349967 0.777995 0.006497 0.017523
1 0.345807 0.796927 0.009111 0.018173
1 0.363436 0.789030 0.008241 0.018820
1 0.362802 0.807418 0.011410 0.018390
1 0.293293 0.784877 0.011620 0.024700
1 0.295266 0.678055 0.006243 0.017943
1 0.260272 0.648222 0.007557 0.013910
1 0.219011 0.738012 0.008583 0.021037
1 0.217886 0.907980 0.005745 0.016767
1 0.160212 0.900137 0.008716 0.018753
1 0.080394 0.731807 0.006047 0.017280
1 0.184810 0.675365 0.010188 0.023217
1 0.152126 0.585982 0.007748 0.018530
1 0.192935 0.552333 0.010696 0.024160
1 0.160483 0.501492 0.011951 0.026683
1 0.076330 0.619087 0.011967 0.025167
1 0.073492 0.360507 0.009792 0.024147
1 0.112426 0.401137 0.008937 0.021807
1 0.123788 0.350900 0.010173 0.028300
1 0.223626 0.175182 0.007531 0.021310
1 0.274968 0.107140 0.006434 0.016073
1 0.347399 0.347968 0.007069 0.017630
1 0.283278 0.501130 0.008319 0.024013
1 0.226772 0.452432 0.007263 0.014423
1 0.484603 0.344825 0.010363 0.027003
0 0.479299 0.371052 0.021489 0.050603
2 0.431252 0.531420 0.008979 0.025600
2 0.411729 0.689140 0.009838 0.026320
2 0.379066 0.720115 0.007725 0.018030
2 0.419963 0.941265 0.009036 0.022430
2 0.487744 0.960478 0.007373 0.017577
2 0.364191 0.877168 0.011224 0.027223
2 0.358513 0.835250 0.010432 0.028487
2 0.346661 0.855982 0.013535 0.026683
2 0.312130 0.836872 0.007856 0.019470
2 0.294996 0.852287 0.008584 0.021093
2 0.308234 0.910612 0.006932 0.016950
2 0.262163 0.915075 0.009243 0.023137
2 0.251764 0.913197 0.010344 0.026893
2 0.178329 0.877192 0.005594 0.014650
2 0.085164 0.856990 0.009634 0.019980
2 0.005068 0.769205 0.009170 0.018903
2 0.027104 0.543448 0.008938 0.020743
2 0.169377 0.547790 0.012281 0.030467
2 0.143924 0.540308 0.005743 0.011897
2 0.165905 0.446713 0.008214 0.023553
2 0.254347 0.723302 0.008652 0.015837
2 0.240336 0.626260 0.004457 0.013820
2 0.229173 0.443655 0.006610 0.012103
2 0.148709 0.098797 0.008444 0.021187
2 0.233177 0.116710 0.006207 0.020913
2 0.238822 0.111212 0.008518 0.018570
2 0.235422 0.070825 0.008451 0.021817
2 0.225353 0.069833 0.008253 0.018027
2 0.238889 0.038463 0.011158 0.023800
2 0.418004 0.213240 0.009734 0.020560
2 0.341632 0.137228 0.009033 0.016777
2 0.417415 0.817330 0.008082 0.018173
