1 0.348434 0.053532 0.008888 0.018343
1 0.353282 0.023528 0.004635 0.014977
1 0.356832 0.018290 0.006038 0.015907
1 0.353388 0.004820 0.005697 0.009640
1 0.349391 0.002847 0.004507 0.005693
1 0.344246 0.005458 0.006208 0.010917
1 0.345224 0.015388 0.007399 0.015443
1 0.434185 0.017313 0.007866 0.017707
1 0.440686 0.006193 0.004666 0.012387
1 0.444909 0.010570 0.004725 0.011047
1 0.461310 0.450708 0.008914 0.026323
1 0.493752 0.333605 0.007289 0.018603
1 0.441024 0.338257 0.008794 0.025313
1 0.397178 0.426452 0.006846 0.019003
1 0.367800 0.431592 0.007416 0.018070
1 0.476019 0.725020 0.008940 0.021387
1 0.374262 0.703713 0.012150 0.024340
1 0.311245 0.704543 0.005448 0.014873
1 0.402552 0.750218 0.005831 0.021183
2 0.403130 0.542922 0.007336 0.018250
1 0.282468 0.519853 0.009491 0.025293
1 0.257460 0.514573 0.007006 0.017040
1 0.206981 0.898610 0.005743 0.016407
1 0.217775 0.858675 0.005546 0.013703
1 0.195704 0.837907 0.006228 0.016693
1 0.171271 0.776345 0.007869 0.024490
1 0.182770 0.990762 0.007069 0.018477
2 0.202660 0.928962 0.007764 0.016877
1 0.098622 0.879183 0.004532 0.012500
1 0.043928 0.790092 0.006511 0.019657
1 0.055529 0.813443 0.005686 0.017780
1 0.086128 0.665033 0.006973 0.020120
1 0.182641 0.651592 0.006097 0.014650
1 0.155355 0.586387 0.006877 0.017780
1 0.122322 0.511773 0.006208 0.015740
1 0.074916 0.469892 0.004423 0.011410
1 0.136276 0.458442 0.012472 0.028670
1 0.116230 0.392578 0.009648 0.021390
1 0.081383 0.276828 0.004788 0.016530
1 0.047609 0.221288 0.008483 0.023997
1 0.171935 0.345120 0.008298 0.019280
1 0.267830 0.323945 0.006272 0.014963
1 0.298531 0.334402 0.006140 0.012077
1 0.249929 0.264178 0.009464 0.025090
1 0.251645 0.190753 0.011364 0.022433
1 0.092532 0.133992 0.007910 0.019930
1 0.123920 0.114098 0.011003 0.023590
1 0.164392 0.114218 0.009263 0.015650
1 0.191623 0.032393 0.005546 0.011900
1 0.286501 0.117960 0.007725 0.015327
1 0.170137 0.658828 0.008895 0.021410
1 0.360085 0.095222 0.005061 0.017637
1 0.363849 0.096267 0.004592 0.019727
1 0.367505 0.080998 0.008080 0.021703
1 0.362488 0.055808 0.006208 0.016603
1 0.361340 0.042965 0.005782 0.015557
1 0.356323 0.047203 0.005868 0.015673
1 0.356024 0.059802 0.006208 0.014863
