0 0.278131 0.975650 0.016160 0.042380
1 0.136353 0.969210 0.014829 0.041860
0 0.127153 0.140657 0.018730 0.044727
0 0.257518 0.022913 0.019124 0.041053
0 0.376897 0.037107 0.012617 0.035053
0 0.177144 0.895817 0.034399 0.094713
1 0.030690 0.231170 0.015330 0.029087
1 0.246356 0.547643 0.013586 0.040860
1 0.275338 0.610817 0.011350 0.030060
1 0.091427 0.892027 0.016365 0.042400
1 0.031013 0.728167 0.014810 0.033267
2 0.398453 0.942120 0.009802 0.024427
1 0.352360 0.995817 0.008000 0.008367
2 0.273347 0.760847 0.012856 0.030120
2 0.285706 0.744313 0.013022 0.034200
2 0.313353 0.675387 0.021292 0.050773
2 0.486241 0.573053 0.028035 0.079373
2 0.292816 0.430020 0.023689 0.045120
2 0.324469 0.371037 0.020305 0.065233
2 0.328828 0.181107 0.018315 0.033160
2 0.358241 0.171727 0.009255 0.029627
2 0.116600 0.013030 0.008879 0.022807
2 0.131417 0.483057 0.028308 0.069140
2 0.050067 0.463243 0.020310 0.053433
2 0.074834 0.291797 0.017832 0.044633
2 0.117981 0.889900 0.012441 0.029627
1 0.113552 0.761613 0.010947 0.023107
2 0.123854 0.785123 0.010251 0.025553
2 0.045637 0.679560 0.014307 0.028507
2 0.209353 0.529697 0.008599 0.023487
2 0.214310 0.492350 0.010154 0.034900
