1 0.012874 0.795172 0.006833 0.018257
2 0.036366 0.797977 0.005083 0.008527
2 0.494384 0.555467 0.008878 0.019560
2 0.488383 0.537910 0.006429 0.021233
2 0.494108 0.532142 0.007960 0.022403
0 0.426819 0.501832 0.009700 0.020063
2 0.281305 0.402493 0.007593 0.016720
2 0.314743 0.432408 0.003969 0.011037
2 0.397531 0.734670 0.010227 0.024080
2 0.132904 0.138165 0.008462 0.022990
1 0.243774 0.841862 0.006261 0.017097
1 0.261541 0.793107 0.009346 0.025040
1 0.246507 0.732190 0.007142 0.021187
1 0.273576 0.685962 0.007142 0.018297
1 0.206168 0.695367 0.005468 0.012067
1 0.273833 0.629548 0.005664 0.015050
1 0.339107 0.658715 0.004594 0.013710
1 0.367752 0.824130 0.006940 0.012540
1 0.409556 0.778032 0.006294 0.015677
1 0.385164 0.892803 0.006025 0.014647
1 0.459482 0.927377 0.006552 0.016387
1 0.352643 0.976370 0.006685 0.012820
1 0.333330 0.975812 0.005103 0.011983
1 0.235968 0.993320 0.006250 0.013360
1 0.140429 0.892030 0.006735 0.016553
1 0.117117 0.877392 0.005847 0.012483
1 0.113538 0.859878 0.004924 0.013257
1 0.024769 0.926172 0.006368 0.019897
1 0.040750 0.819998 0.006368 0.017890
1 0.100121 0.798475 0.010669 0.021190
2 0.165573 0.587717 0.016083 0.036113
1 0.001899 0.711382 0.003799 0.023677
1 0.120780 0.683168 0.011375 0.025763
1 0.148908 0.639108 0.007142 0.021430
1 0.143353 0.633328 0.005731 0.017577
1 0.142726 0.614975 0.008368 0.022850
1 0.093288 0.533613 0.008817 0.018660
2 0.010699 0.555583 0.008817 0.020867
2 0.018340 0.531205 0.006466 0.015050
1 0.138971 0.482605 0.009338 0.021177
1 0.174974 0.432513 0.007017 0.015673
1 0.223123 0.428893 0.005266 0.013880
1 0.221761 0.509008 0.009568 0.029030
2 0.181020 0.652863 0.011429 0.026593
1 0.279946 0.457518 0.005919 0.013503
1 0.420602 0.587168 0.006243 0.015890
1 0.474299 0.588035 0.007195 0.018203
1 0.394731 0.511325 0.005925 0.013870
1 0.379392 0.461197 0.006353 0.013580
1 0.446796 0.429842 0.005529 0.013237
1 0.377907 0.389107 0.006129 0.015673
1 0.389760 0.380882 0.005458 0.017610
1 0.394721 0.379045 0.004323 0.010257
1 0.354562 0.307613 0.006226 0.012960
1 0.353567 0.292147 0.006379 0.016580
1 0.373518 0.302040 0.007500 0.019647
1 0.403032 0.221367 0.006084 0.016373
1 0.383591 0.176358 0.007245 0.020623
1 0.423365 0.169113 0.005664 0.015887
2 0.434515 0.166675 0.005409 0.011843
2 0.444414 0.141455 0.005308 0.012957
2 0.225878 0.976653 0.008671 0.020467
2 0.447782 0.132607 0.006531 0.012820
1 0.282931 0.230783 0.007092 0.016860
1 0.285687 0.214690 0.005052 0.011427
1 0.280992 0.267638 0.006888 0.015883
1 0.205694 0.174882 0.008597 0.022270
2 0.166102 0.673383 0.008253 0.023113
1 0.169224 0.169758 0.008186 0.018677
1 0.141574 0.112437 0.005358 0.012307
1 0.001194 0.284280 0.002389 0.011200
2 0.274888 0.989395 0.006320 0.015450
0 0.360256 0.250580 0.026791 0.057553
