1 0.436448 0.386198 0.019624 0.055143
0 0.260091 0.872265 0.076395 0.190217
0 0.487360 0.041977 0.016353 0.037387
0 0.094932 0.704523 0.012123 0.027260
1 0.023658 0.515967 0.012815 0.027813
1 0.066046 0.805778 0.017743 0.055630
1 0.031216 0.819013 0.025957 0.065053
1 0.212760 0.717558 0.023047 0.056077
1 0.177620 0.649332 0.017570 0.042370
1 0.184579 0.577207 0.010497 0.026480
1 0.184808 0.559605 0.014833 0.038630
1 0.158469 0.367915 0.007949 0.031630
1 0.162484 0.362017 0.008319 0.027047
0 0.217452 0.481632 0.016566 0.039630
2 0.236003 0.632857 0.016156 0.039253
1 0.309377 0.608397 0.020839 0.051060
1 0.375764 0.510607 0.013074 0.035480
1 0.393353 0.527698 0.018145 0.052357
1 0.375580 0.450158 0.016201 0.041437
1 0.354489 0.869550 0.013259 0.039513
1 0.415094 0.953912 0.017432 0.044783
1 0.388288 0.246887 0.020399 0.061313
1 0.076758 0.053387 0.021357 0.055180
2 0.137628 0.016487 0.014293 0.032973
2 0.103669 0.611163 0.012650 0.030507
2 0.022616 0.930120 0.010630 0.029927
2 0.174823 0.883628 0.013811 0.036810
2 0.373629 0.626773 0.006504 0.018380
2 0.456912 0.811940 0.022185 0.062093
2 0.289630 0.203297 0.019304 0.046360
2 0.411644 0.232368 0.012809 0.027583
2 0.258727 0.089732 0.017113 0.038010
2 0.308236 0.016975 0.014927 0.030897
