1 0.365798 0.676105 0.010831 0.021730
0 0.246342 0.359670 0.013905 0.035047
2 0.253677 0.386998 0.013599 0.034630
1 0.346735 0.555920 0.013706 0.027167
1 0.445103 0.810217 0.012909 0.027767
1 0.452888 0.749828 0.012894 0.035817
1 0.361782 0.694617 0.011642 0.030987
1 0.361302 0.657090 0.010684 0.026360
1 0.353676 0.664535 0.011053 0.028370
1 0.348459 0.807397 0.013485 0.030787
1 0.300637 0.777215 0.016285 0.041250
1 0.127780 0.684800 0.010568 0.026773
1 0.247382 0.582473 0.015891 0.037133
1 0.314318 0.390823 0.018590 0.046940
1 0.293768 0.100148 0.013624 0.030597
1 0.202854 0.111795 0.018718 0.037203
1 0.157715 0.238705 0.015026 0.030250
1 0.070266 0.218482 0.009197 0.029697
1 0.067150 0.432248 0.014553 0.027837
1 0.477599 0.369537 0.011318 0.028007
1 0.365157 0.610887 0.012377 0.029207
2 0.261937 0.870407 0.004810 0.013973
2 0.187654 0.842200 0.010873 0.017000
0 0.094977 0.559462 0.010685 0.024950
2 0.169009 0.488405 0.008843 0.028977
2 0.177763 0.499030 0.011495 0.028007
2 0.206368 0.522330 0.013175 0.033560
2 0.212584 0.722283 0.009762 0.021180
2 0.217837 0.701553 0.010081 0.022020
2 0.353328 0.787980 0.012203 0.022213
2 0.356202 0.771923 0.009816 0.019073
2 0.354434 0.754055 0.009285 0.018110
2 0.432072 0.871102 0.012527 0.028370
2 0.428240 0.893738 0.010906 0.022537
2 0.463204 0.857820 0.009506 0.028773
2 0.450087 0.935790 0.010831 0.028973
2 0.430156 0.950882 0.017242 0.032597
2 0.475207 0.805365 0.007220 0.018310
2 0.478892 0.817237 0.007810 0.024347
2 0.483829 0.801240 0.007811 0.019720
2 0.478228 0.792487 0.007220 0.019520
2 0.447000 0.670833 0.012452 0.032393
2 0.466537 0.641897 0.010818 0.024033
2 0.471029 0.578308 0.007334 0.022030
2 0.422990 0.568045 0.006967 0.013517
2 0.496539 0.384688 0.006116 0.013883
2 0.352542 0.527762 0.011848 0.027283
2 0.372861 0.470562 0.016503 0.038550
2 0.420070 0.110983 0.013547 0.023800
2 0.380581 0.019510 0.013469 0.026393
2 0.361804 0.006943 0.009508 0.013887
2 0.346909 0.035845 0.012994 0.026177
2 0.271132 0.164467 0.012158 0.029160
2 0.171899 0.113773 0.018401 0.044413
2 0.186849 0.063302 0.008872 0.014357
2 0.194735 0.127455 0.009529 0.023330
2 0.161548 0.029430 0.010844 0.024673
2 0.067491 0.031448 0.012979 0.026917
2 0.067409 0.145400 0.011500 0.019740
2 0.017218 0.231088 0.011335 0.034990
2 0.101336 0.229295 0.008707 0.025123
2 0.123351 0.351545 0.010679 0.017497
2 0.169686 0.380797 0.008716 0.022067
2 0.153563 0.394533 0.007052 0.015360
2 0.156494 0.400808 0.008003 0.014930
2 0.153166 0.409355 0.006576 0.014710
2 0.156375 0.414115 0.005704 0.011683
