2 0.421420 0.128737 0.010370 0.028520
0 0.046314 0.984338 0.014342 0.031323
0 0.256102 0.643295 0.010326 0.033017
0 0.198514 0.371352 0.007233 0.016903
2 0.426176 0.709332 0.009406 0.019437
2 0.443773 0.823668 0.020283 0.044143
2 0.265960 0.883933 0.009091 0.017593
2 0.343666 0.606540 0.015740 0.042980
2 0.310004 0.549485 0.007371 0.016310
2 0.124944 0.691398 0.006951 0.014237
2 0.003774 0.708260 0.005369 0.012853
2 0.057190 0.391475 0.004087 0.010043
2 0.495666 0.135750 0.008119 0.018073
2 0.114590 0.706442 0.010664 0.026443
2 0.045555 0.605965 0.008512 0.018943
1 0.054459 0.599848 0.009438 0.022930
1 0.024458 0.581188 0.009500 0.026777
1 0.108537 0.939050 0.013239 0.036873
1 0.318303 0.790955 0.009532 0.025683
1 0.319383 0.643463 0.012963 0.034707
1 0.437064 0.977578 0.013312 0.031930
1 0.486006 0.971787 0.011849 0.019107
1 0.341852 0.435122 0.011591 0.028737
1 0.387528 0.446992 0.012659 0.029983
2 0.394543 0.412217 0.006558 0.015407
1 0.272650 0.341632 0.021288 0.050323
1 0.168032 0.405187 0.014235 0.030887
1 0.041172 0.381477 0.008396 0.019247
1 0.120449 0.681503 0.007722 0.018913
1 0.156937 0.052662 0.011566 0.027763
1 0.238338 0.022992 0.008387 0.020477
1 0.282628 0.025595 0.009023 0.020823
1 0.330096 0.146017 0.009150 0.019433
1 0.364220 0.127797 0.009277 0.024640
1 0.422753 0.047140 0.011967 0.028340
1 0.465487 0.024148 0.011650 0.028050
1 0.448065 0.184220 0.010273 0.025447
