1 0.090166 0.612305 0.004717 0.011383
0 0.408584 0.115738 0.011716 0.028330
2 0.460397 0.848752 0.009130 0.021370
2 0.422914 0.851128 0.009441 0.023743
2 0.414870 0.851552 0.009379 0.025610
2 0.409777 0.865373 0.010372 0.019333
2 0.404684 0.846633 0.008882 0.021540
2 0.383840 0.693752 0.010187 0.022557
2 0.331910 0.818367 0.008368 0.021553
2 0.335861 0.726403 0.009359 0.018020
2 0.327795 0.706087 0.005564 0.013193
2 0.392581 0.646275 0.006729 0.017810
2 0.435602 0.617302 0.008177 0.032510
2 0.425142 0.458822 0.009781 0.024737
2 0.374257 0.443908 0.007765 0.020023
2 0.327673 0.149785 0.009067 0.024763
2 0.314301 0.325610 0.006506 0.016293
2 0.310724 0.336702 0.008052 0.017863
2 0.307863 0.323990 0.008663 0.021887
2 0.258749 0.121213 0.006643 0.014487
2 0.256356 0.129105 0.006686 0.014250
2 0.215071 0.174735 0.008231 0.020710
2 0.220271 0.251067 0.010610 0.025320
2 0.209900 0.260488 0.010908 0.022497
2 0.162276 0.039758 0.005392 0.012023
2 0.159969 0.048347 0.007249 0.015947
2 0.102274 0.109367 0.007375 0.016607
2 0.082603 0.449722 0.006187 0.017097
2 0.053647 0.445347 0.005963 0.011600
2 0.078194 0.585410 0.006583 0.015433
2 0.058418 0.698452 0.007764 0.015943
2 0.033450 0.686578 0.009131 0.021710
2 0.253686 0.724195 0.004296 0.013850
2 0.181716 0.728505 0.008593 0.022190
2 0.218923 0.966833 0.004642 0.012107
2 0.215314 0.945037 0.004253 0.011040
2 0.268512 0.559737 0.007800 0.020613
1 0.418937 0.939107 0.007308 0.018813
1 0.254097 0.907792 0.006957 0.019163
1 0.164246 0.847387 0.007548 0.016253
1 0.050450 0.778100 0.007477 0.017667
1 0.025145 0.791645 0.004241 0.010797
1 0.013823 0.711417 0.006084 0.016093
1 0.013910 0.693993 0.004104 0.008913
1 0.001180 0.547232 0.002361 0.012270
1 0.033065 0.431785 0.004639 0.011643
1 0.105092 0.439775 0.004867 0.012110
1 0.057759 0.339177 0.005416 0.012067
1 0.056817 0.305430 0.006385 0.014713
1 0.030270 0.289987 0.008013 0.020040
1 0.068055 0.220510 0.007139 0.015540
1 0.049370 0.106923 0.006489 0.016153
1 0.074996 0.118728 0.006021 0.015703
2 0.094655 0.127380 0.007156 0.016280
1 0.135607 0.170307 0.005787 0.014527
1 0.117438 0.116325 0.008123 0.023557
1 0.060671 0.030110 0.007073 0.017327
1 0.153344 0.104268 0.005990 0.015950
1 0.228266 0.432210 0.005033 0.013053
1 0.166980 0.727303 0.009368 0.021767
1 0.282511 0.647237 0.005901 0.014273
1 0.298815 0.667660 0.005383 0.018940
1 0.352118 0.737465 0.005571 0.013903
1 0.353375 0.644402 0.005176 0.013643
1 0.341567 0.372458 0.006780 0.021923
1 0.327981 0.324185 0.004866 0.014417
1 0.377883 0.338587 0.005776 0.015433
1 0.390520 0.304532 0.005566 0.014383
1 0.439468 0.390985 0.005242 0.014317
1 0.446459 0.346470 0.004493 0.012953
1 0.480837 0.328892 0.005791 0.012610
1 0.476358 0.212557 0.005797 0.016253
1 0.402914 0.200870 0.004011 0.011660
1 0.394655 0.191387 0.006987 0.019080
1 0.385015 0.204873 0.007549 0.013547
1 0.375189 0.124098 0.009633 0.027383
1 0.492241 0.159265 0.007639 0.018997
1 0.382578 0.057858 0.004762 0.011123
1 0.385325 0.008553 0.005341 0.011247
