1 0.051044 0.644925 0.008363 0.020883
2 0.247777 0.946917 0.007759 0.021033
2 0.206373 0.925657 0.007483 0.016073
2 0.187034 0.891100 0.007538 0.022087
2 0.046553 0.912780 0.007368 0.016660
2 0.065806 0.862802 0.005466 0.013197
2 0.002894 0.859880 0.005789 0.013847
2 0.048942 0.814867 0.005942 0.019233
2 0.053976 0.789475 0.010509 0.021337
2 0.017380 0.626980 0.003723 0.009520
2 0.048030 0.574540 0.004777 0.012213
2 0.097481 0.492607 0.007428 0.018780
2 0.059189 0.429225 0.005410 0.014650
2 0.147476 0.279897 0.005134 0.011527
2 0.100128 0.173347 0.008557 0.024613
2 0.053693 0.104650 0.007187 0.016200
2 0.059598 0.020133 0.004944 0.013240
2 0.133141 0.019225 0.005229 0.011423
2 0.144597 0.096723 0.008367 0.022067
2 0.187314 0.333153 0.005704 0.013413
2 0.160461 0.795343 0.005216 0.009913
2 0.146760 0.781642 0.006206 0.013883
2 0.184263 0.677160 0.005094 0.012953
2 0.180204 0.677552 0.006399 0.015130
2 0.178039 0.698680 0.004298 0.012693
2 0.177433 0.666552 0.004999 0.011217
2 0.269173 0.818617 0.005121 0.014920
2 0.251613 0.679782 0.005227 0.013823
2 0.360283 0.989648 0.005503 0.012897
2 0.336652 0.991400 0.004631 0.008640
0 0.406860 0.587517 0.005071 0.016873
2 0.467058 0.438955 0.008528 0.021337
2 0.382277 0.354778 0.008079 0.021683
2 0.314438 0.348612 0.008214 0.015330
2 0.301021 0.530305 0.008762 0.025050
2 0.336747 0.232532 0.008652 0.020250
2 0.372256 0.110608 0.006339 0.018030
2 0.364043 0.044532 0.006272 0.015323
2 0.369319 0.012980 0.006008 0.017487
2 0.363614 0.008923 0.006866 0.016587
2 0.308278 0.121985 0.006273 0.012803
2 0.305670 0.135508 0.005415 0.014963
2 0.296857 0.170752 0.005748 0.013697
2 0.235221 0.087385 0.009629 0.018930
1 0.279951 0.687623 0.007804 0.018320
1 0.331155 0.681455 0.006709 0.017943
1 0.335212 0.673685 0.007703 0.016650
1 0.375604 0.662802 0.007131 0.020510
1 0.318730 0.915185 0.005216 0.011177
1 0.394949 0.596642 0.006471 0.015143
1 0.377828 0.506745 0.006572 0.019617
1 0.409310 0.071413 0.008121 0.020013
1 0.343310 0.226255 0.007098 0.018630
1 0.258914 0.259332 0.008557 0.016010
1 0.199899 0.154318 0.006846 0.018690
1 0.021516 0.141660 0.007844 0.015793
1 0.007690 0.378043 0.009507 0.025313
1 0.058065 0.446715 0.005942 0.013197
1 0.093718 0.393710 0.005942 0.016227
1 0.092213 0.334105 0.007051 0.016010
1 0.126520 0.351628 0.005150 0.009950
1 0.144307 0.331075 0.006655 0.017310
1 0.189667 0.356172 0.007527 0.018603
1 0.160114 0.419780 0.005625 0.014280
1 0.239783 0.468058 0.005546 0.014603
1 0.200631 0.569202 0.006074 0.013523
1 0.046037 0.738813 0.006656 0.017727
1 0.084578 0.972795 0.005923 0.014503
