2 0.130460 0.826260 0.009222 0.019993
1 0.289246 0.072375 0.017941 0.048990
1 0.415916 0.251377 0.018533 0.038760
2 0.221191 0.273720 0.009508 0.015147
2 0.224657 0.243972 0.010103 0.020190
1 0.492509 0.088523 0.014392 0.039300
1 0.329256 0.562833 0.013722 0.033593
1 0.313878 0.363212 0.009937 0.023257
1 0.301789 0.342540 0.010409 0.024547
1 0.293414 0.348355 0.008280 0.024550
1 0.438201 0.296995 0.012538 0.030363
1 0.437452 0.539072 0.015973 0.036763
1 0.463293 0.584245 0.014033 0.029910
1 0.398090 0.647490 0.008672 0.021187
1 0.398601 0.913472 0.011753 0.025063
1 0.332384 0.961898 0.010168 0.023077
2 0.302334 0.123765 0.015132 0.029937
2 0.461667 0.243513 0.008748 0.018433
2 0.428486 0.288688 0.007035 0.021030
2 0.282734 0.366315 0.006085 0.016357
0 0.067376 0.023510 0.014738 0.030893
2 0.322435 0.442243 0.010154 0.026480
2 0.371677 0.767508 0.010173 0.021550
2 0.394462 0.891785 0.012869 0.026917
2 0.325870 0.910667 0.007394 0.013833
2 0.148638 0.983902 0.010459 0.024663
1 0.229164 0.017897 0.006877 0.022387
2 0.028918 0.408922 0.009375 0.019830
2 0.111331 0.368498 0.011356 0.026503
2 0.072791 0.218708 0.006617 0.013397
2 0.221191 0.282555 0.007924 0.014423
2 0.209999 0.246767 0.012611 0.031913
2 0.215210 0.764968 0.011567 0.027910
1 0.196273 0.865417 0.024530 0.054207
1 0.043445 0.928110 0.015402 0.032193
1 0.227371 0.674588 0.012266 0.028817
1 0.215582 0.670565 0.010934 0.027517
1 0.076714 0.535388 0.018359 0.036637
1 0.094314 0.647545 0.017661 0.025423
1 0.113413 0.606235 0.028477 0.062437
1 0.182689 0.545483 0.016155 0.038133
1 0.182278 0.482488 0.018346 0.043743
1 0.132307 0.373883 0.016976 0.041873
1 0.024244 0.287897 0.013417 0.033647
1 0.106184 0.169983 0.014102 0.034020
1 0.113555 0.007055 0.011409 0.014110
1 0.248283 0.017295 0.006713 0.015177
1 0.244487 0.007980 0.005942 0.014873
1 0.235023 0.018497 0.007373 0.027193
