1 0.309687 0.474900 0.016840 0.037760
1 0.085317 0.887193 0.013596 0.029080
1 0.335903 0.836580 0.015374 0.031800
1 0.393736 0.937920 0.023002 0.062433
1 0.461137 0.638175 0.018141 0.050783
1 0.433298 0.497043 0.019739 0.051407
1 0.173188 0.011633 0.009240 0.023267
1 0.051555 0.046310 0.011801 0.030020
1 0.243843 0.187702 0.009187 0.017903
2 0.237496 0.371617 0.011985 0.029793
1 0.245460 0.176277 0.007505 0.014367
2 0.236730 0.448758 0.006263 0.018657
1 0.230105 0.448335 0.009885 0.021763
2 0.232512 0.434202 0.011283 0.020917
2 0.232745 0.417453 0.009264 0.018513
2 0.234763 0.406853 0.009990 0.019080
2 0.222807 0.402895 0.007506 0.022190
2 0.220193 0.374133 0.006832 0.018373
2 0.217294 0.387773 0.007142 0.024733
1 0.078741 0.668550 0.008049 0.018807
1 0.082141 0.679783 0.005902 0.015387
1 0.082789 0.542508 0.006708 0.022997
1 0.076882 0.538352 0.008407 0.020270
1 0.112166 0.549220 0.010286 0.022467
0 0.158888 0.940693 0.009570 0.023447
2 0.201470 0.852502 0.013773 0.038343
2 0.248962 0.939570 0.012878 0.023933
2 0.281921 0.871065 0.023522 0.054463
2 0.435596 0.023723 0.026617 0.047447
1 0.152389 0.339947 0.022024 0.048533
1 0.177706 0.342847 0.011270 0.030773
2 0.172295 0.385465 0.011001 0.029063
2 0.178744 0.374597 0.008140 0.024913
2 0.181919 0.372155 0.006440 0.022957
2 0.184772 0.368247 0.005188 0.024420
2 0.188662 0.366170 0.007065 0.024180
2 0.208806 0.379858 0.007454 0.027277
2 0.212300 0.388125 0.006780 0.023743
1 0.057650 0.829168 0.011124 0.028817
1 0.162523 0.783143 0.014240 0.032153
1 0.184557 0.665013 0.009078 0.019680
1 0.286246 0.593288 0.014657 0.044170
1 0.252177 0.671627 0.015317 0.036420
