1 0.111177 0.836107 0.007090 0.019360
0 0.316931 0.369808 0.022749 0.061543
1 0.098004 0.460503 0.010157 0.025713
1 0.153130 0.535177 0.009312 0.026000
1 0.195189 0.476538 0.005397 0.013290
1 0.197410 0.519443 0.005184 0.016467
1 0.115515 0.635593 0.007512 0.022247
1 0.098374 0.748707 0.005396 0.016760
1 0.154082 0.919752 0.010581 0.027157
2 0.102025 0.995847 0.005714 0.008307
1 0.040281 0.888953 0.006980 0.021067
1 0.015696 0.955540 0.006378 0.016860
1 0.226011 0.686723 0.006833 0.015853
1 0.188479 0.634717 0.006833 0.017053
1 0.167695 0.651433 0.005315 0.012887
1 0.253015 0.598952 0.006786 0.017557
1 0.330414 0.647287 0.004592 0.012540
1 0.359486 0.716758 0.008010 0.021597
1 0.399500 0.882265 0.010348 0.029930
1 0.431336 0.935980 0.007848 0.021187
1 0.472816 0.741820 0.005952 0.018660
2 0.458473 0.793887 0.010947 0.027487
1 0.405298 0.631257 0.005201 0.010353
1 0.375143 0.416107 0.004805 0.010100
1 0.418763 0.373490 0.007092 0.016720
1 0.401721 0.333363 0.005460 0.012540
1 0.403002 0.249067 0.010157 0.021960
1 0.440892 0.196465 0.008328 0.021290
1 0.473514 0.191492 0.008267 0.021737
1 0.217670 0.054430 0.006449 0.015000
1 0.255299 0.422195 0.006980 0.016857
1 0.179879 0.371685 0.010532 0.029597
1 0.213482 0.282913 0.005358 0.013933
1 0.147697 0.146253 0.006613 0.018727
1 0.292924 0.196163 0.008464 0.020800
1 0.180474 0.198153 0.009735 0.025413
