0 0.311241 0.065350 0.022410 0.056973
0 0.195156 0.616040 0.013864 0.031993
0 0.351874 0.188275 0.014832 0.033583
2 0.437715 0.072437 0.011179 0.023933
2 0.388747 0.125433 0.012164 0.025400
2 0.241887 0.282727 0.012880 0.027080
2 0.287045 0.511590 0.013202 0.038393
1 0.049499 0.097785 0.008260 0.020350
1 0.123038 0.091950 0.007765 0.015940
1 0.256082 0.120598 0.014705 0.033703
1 0.445956 0.153652 0.009813 0.022390
1 0.498036 0.156815 0.006337 0.017303
1 0.368506 0.300643 0.010912 0.024667
1 0.330361 0.264498 0.008138 0.020270
1 0.315234 0.351520 0.009913 0.033173
1 0.321345 0.347043 0.009614 0.026660
1 0.323805 0.364750 0.010061 0.028287
1 0.301892 0.390393 0.006187 0.018113
1 0.362786 0.453303 0.010583 0.024627
1 0.372800 0.883412 0.009982 0.024323
1 0.253491 0.779208 0.010035 0.027043
1 0.200578 0.865880 0.010839 0.027260
1 0.259872 0.992532 0.007843 0.014937
1 0.151709 0.992198 0.008101 0.015603
1 0.134766 0.892647 0.010040 0.028973
1 0.097458 0.899032 0.010040 0.021810
1 0.203820 0.596918 0.007992 0.019563
1 0.045643 0.537345 0.007262 0.023077
1 0.045148 0.479470 0.010498 0.024520
1 0.029460 0.362862 0.010458 0.024403
1 0.244617 0.505315 0.010648 0.034010
1 0.362001 0.258768 0.008857 0.021483
1 0.248325 0.239438 0.011409 0.034010
1 0.258594 0.254365 0.013882 0.032710
1 0.140884 0.272227 0.010221 0.023367
1 0.092917 0.247595 0.014102 0.037383
