0 0.405368 0.091695 0.009442 0.021817
0 0.420417 0.119232 0.006846 0.019937
2 0.407321 0.934653 0.010839 0.026480
2 0.321852 0.945248 0.006877 0.016590
2 0.317439 0.954168 0.007527 0.015650
2 0.325293 0.920027 0.005625 0.015147
2 0.291660 0.967083 0.008715 0.017527
2 0.342856 0.869998 0.006050 0.015563
2 0.351775 0.850112 0.006387 0.018777
2 0.384862 0.734410 0.004951 0.014573
2 0.437285 0.477728 0.007107 0.017943
2 0.438948 0.463853 0.004470 0.014607
2 0.442252 0.466722 0.004126 0.012623
2 0.456461 0.300070 0.004347 0.012620
2 0.419761 0.194968 0.007198 0.022663
2 0.349263 0.110085 0.005062 0.012470
2 0.368704 0.253970 0.004967 0.013460
2 0.294970 0.447315 0.004374 0.011683
2 0.297727 0.487817 0.005325 0.012720
2 0.346275 0.582075 0.005502 0.016383
2 0.350020 0.590578 0.005654 0.014397
2 0.347173 0.596682 0.005693 0.013043
2 0.338328 0.603508 0.007871 0.016083
2 0.337449 0.592508 0.006189 0.014503
2 0.181125 0.812242 0.004089 0.011943
2 0.243080 0.778167 0.005846 0.010333
2 0.250684 0.759593 0.004089 0.014293
2 0.254734 0.761523 0.004700 0.014813
2 0.256931 0.725108 0.004967 0.016277
2 0.254044 0.673307 0.005776 0.013220
2 0.225158 0.689382 0.005997 0.014123
2 0.125165 0.814697 0.005869 0.016540
2 0.142628 0.717825 0.004279 0.011037
2 0.036017 0.866510 0.006465 0.015900
2 0.032715 0.852675 0.006007 0.015277
2 0.030171 0.859750 0.006694 0.014400
2 0.019669 0.651650 0.005084 0.013340
2 0.012833 0.624578 0.004988 0.012970
2 0.011042 0.618963 0.004962 0.013620
2 0.073716 0.432000 0.009772 0.021093
2 0.049894 0.226405 0.007373 0.019683
2 0.059193 0.227892 0.006713 0.019683
2 0.024667 0.212042 0.005007 0.014723
2 0.061931 0.137907 0.007988 0.016407
2 0.039848 0.036982 0.007484 0.020343
2 0.133069 0.227802 0.005558 0.016077
2 0.157443 0.241925 0.006217 0.015177
2 0.159259 0.314870 0.004788 0.012020
2 0.184143 0.441692 0.004700 0.012730
2 0.223231 0.490000 0.006686 0.016693
2 0.232840 0.503928 0.006190 0.016590
2 0.221666 0.462510 0.006683 0.015213
2 0.217673 0.363757 0.005776 0.015273
2 0.231557 0.140150 0.006327 0.020887
2 0.249967 0.054210 0.005061 0.012320
2 0.164121 0.013903 0.005159 0.015127
1 0.089530 0.870713 0.006113 0.012867
1 0.088098 0.861062 0.004840 0.011823
1 0.139385 0.939145 0.004563 0.009997
1 0.137767 0.946173 0.004935 0.011160
1 0.141973 0.857882 0.008746 0.021290
1 0.221530 0.963078 0.004998 0.010517
1 0.227467 0.894657 0.005227 0.014647
1 0.368966 0.907207 0.006658 0.017880
1 0.389379 0.917873 0.005887 0.013973
1 0.401786 0.867317 0.007042 0.016527
1 0.396795 0.800843 0.005656 0.012113
1 0.368234 0.737608 0.007986 0.018990
1 0.447409 0.735798 0.004813 0.011770
1 0.430513 0.727033 0.007061 0.013773
1 0.392606 0.596480 0.006405 0.016407
1 0.386913 0.447090 0.005914 0.017653
1 0.372997 0.446340 0.005961 0.012647
1 0.378182 0.368537 0.005447 0.014873
1 0.403805 0.184340 0.006465 0.018907
1 0.399357 0.129500 0.006740 0.017907
1 0.291185 0.133178 0.005254 0.013650
1 0.197679 0.267518 0.006735 0.017850
1 0.277493 0.406520 0.004298 0.014260
1 0.172620 0.480770 0.005272 0.013147
1 0.169892 0.471507 0.005778 0.014900
1 0.237040 0.768338 0.005319 0.013770
1 0.136464 0.579727 0.009111 0.024880
1 0.004239 0.471357 0.005282 0.016947
1 0.047369 0.666398 0.004998 0.013523
1 0.071693 0.668527 0.006052 0.012520
1 0.021844 0.174573 0.005227 0.015400
1 0.027300 0.184778 0.004860 0.013523
1 0.115452 0.177803 0.006338 0.015327
1 0.181331 0.167148 0.008583 0.023257
