1 0.489156 0.392268 0.006760 0.017883
1 0.082714 0.073950 0.004399 0.011427
1 0.122158 0.051748 0.005133 0.018137
2 0.439164 0.825515 0.005903 0.014897
2 0.482586 0.792520 0.004740 0.010500
2 0.376179 0.559788 0.006931 0.014450
2 0.342535 0.500523 0.004039 0.011873
2 0.330166 0.397432 0.004133 0.008450
2 0.299415 0.327505 0.011594 0.027137
1 0.115454 0.504087 0.010125 0.025780
1 0.102877 0.168250 0.006263 0.014700
2 0.314799 0.239890 0.003943 0.011247
2 0.310854 0.240433 0.004443 0.013020
2 0.429315 0.010957 0.006056 0.015827
2 0.386240 0.005182 0.005601 0.010363
2 0.243838 0.120685 0.006255 0.014957
2 0.022950 0.192905 0.007848 0.019057
2 0.149294 0.453975 0.004919 0.012210
2 0.172772 0.425380 0.005962 0.015673
2 0.188347 0.568328 0.008126 0.021483
2 0.182906 0.615735 0.006024 0.014417
2 0.270871 0.598142 0.004283 0.011043
2 0.300092 0.659048 0.004910 0.011530
2 0.224282 0.341180 0.004011 0.007653
2 0.067869 0.938020 0.005417 0.016767
2 0.064087 0.941667 0.005242 0.013973
2 0.038255 0.594285 0.005367 0.013290
1 0.455994 0.954113 0.004618 0.012680
1 0.376832 0.784032 0.006038 0.012957
1 0.408187 0.616110 0.006211 0.014247
1 0.330294 0.677228 0.010610 0.023603
1 0.408981 0.445893 0.005511 0.014313
1 0.411063 0.413055 0.005780 0.014397
1 0.458227 0.219655 0.007980 0.019790
1 0.475566 0.225192 0.005737 0.015077
1 0.491885 0.159120 0.008229 0.022613
1 0.366890 0.172155 0.006025 0.014417
1 0.337542 0.505245 0.006039 0.016783
1 0.278885 0.540018 0.005859 0.016490
1 0.145797 0.904773 0.004995 0.012953
1 0.171659 0.746667 0.004709 0.012293
1 0.157418 0.728538 0.005966 0.016563
1 0.030233 0.866335 0.007815 0.020777
1 0.022185 0.818212 0.006729 0.017243
1 0.080865 0.773950 0.003954 0.011287
1 0.065535 0.669697 0.005067 0.011927
1 0.159677 0.651510 0.004243 0.010907
1 0.044339 0.163697 0.005272 0.013740
1 0.005529 0.094312 0.005242 0.015063
0 0.242232 0.657083 0.022159 0.058713
0 0.495478 0.408055 0.009015 0.075583
