1 0.354744 0.363917 0.009614 0.025847
1 0.362234 0.363408 0.009391 0.024830
1 0.304550 0.226985 0.012235 0.021690
1 0.301760 0.208360 0.013093 0.021427
1 0.303156 0.190498 0.010732 0.026083
1 0.307664 0.177895 0.011162 0.024323
1 0.279116 0.048413 0.006708 0.016080
1 0.312245 0.037118 0.006633 0.019130
1 0.336837 0.036087 0.011283 0.027560
1 0.115109 0.162142 0.007405 0.017277
1 0.128516 0.380543 0.011431 0.022613
1 0.130233 0.538672 0.007518 0.017257
1 0.143038 0.554928 0.006556 0.014370
1 0.178752 0.612452 0.012509 0.023203
1 0.253427 0.701722 0.014855 0.029257
1 0.309517 0.685768 0.008488 0.015143
1 0.311346 0.671480 0.008944 0.021247
1 0.297666 0.697980 0.011797 0.033213
1 0.300256 0.656950 0.013595 0.028820
1 0.169731 0.942960 0.012522 0.026867
1 0.031649 0.694973 0.005963 0.017807
1 0.295674 0.890392 0.007578 0.021710
1 0.281109 0.865458 0.009752 0.024083
1 0.266761 0.860032 0.009110 0.019223
1 0.342247 0.889943 0.015920 0.035167
0 0.238104 0.341357 0.010823 0.023933
2 0.325790 0.491483 0.009429 0.016880
2 0.300289 0.511108 0.014064 0.023210
2 0.356700 0.503933 0.010973 0.028273
2 0.387224 0.504355 0.007728 0.024897
2 0.449893 0.434628 0.008264 0.019343
2 0.441628 0.395795 0.007620 0.016703
2 0.468782 0.391107 0.010626 0.030773
2 0.477170 0.308630 0.008130 0.021247
2 0.491262 0.265157 0.010017 0.031507
2 0.414056 0.159882 0.009917 0.026377
2 0.491185 0.011713 0.015382 0.023427
2 0.313995 0.173205 0.010088 0.024323
2 0.316732 0.153863 0.009766 0.024327
2 0.334602 0.164853 0.009873 0.024033
2 0.337500 0.149612 0.008801 0.026377
2 0.328699 0.140090 0.010304 0.022567
2 0.320757 0.126460 0.009873 0.024033
2 0.311849 0.130270 0.008585 0.022860
2 0.304872 0.132030 0.009874 0.023447
2 0.319773 0.009187 0.010881 0.018373
2 0.264656 0.063047 0.010658 0.017300
2 0.254706 0.080367 0.008794 0.017707
2 0.085880 0.086802 0.008191 0.020677
2 0.070889 0.187667 0.006028 0.013927
2 0.033874 0.116555 0.008346 0.020257
2 0.040701 0.279025 0.007305 0.015263
2 0.077714 0.389662 0.011255 0.025643
2 0.041557 0.565838 0.012343 0.025497
2 0.025726 0.632658 0.008586 0.016117
2 0.099674 0.560270 0.012021 0.029600
2 0.418380 0.708683 0.012372 0.014653
2 0.416591 0.721710 0.011328 0.021573
2 0.268456 0.469007 0.009659 0.021687
2 0.240895 0.383275 0.008655 0.018990
2 0.263144 0.274963 0.009552 0.018460
2 0.099164 0.822943 0.013267 0.033380
2 0.040916 0.846958 0.008273 0.016283
2 0.035662 0.851742 0.008348 0.018930
2 0.152749 0.797588 0.010571 0.019750
2 0.211002 0.990838 0.011312 0.018323
2 0.196956 0.751763 0.009016 0.021687
2 0.224914 0.744583 0.008051 0.020220
2 0.283973 0.705140 0.008940 0.026453
2 0.282522 0.677260 0.009019 0.022387
