0 0.025794 0.233262 0.014489 0.030530
1 0.020405 0.039763 0.010732 0.020147
1 0.134403 0.173417 0.013789 0.031953
1 0.225303 0.285050 0.012893 0.031953
1 0.259103 0.247500 0.008646 0.028493
1 0.422020 0.141612 0.009122 0.017877
1 0.367219 0.377650 0.009838 0.021493
1 0.369097 0.397065 0.008229 0.016850
1 0.375984 0.403537 0.009302 0.020027
1 0.378936 0.426738 0.011448 0.027843
1 0.483687 0.730315 0.013506 0.033703
1 0.327013 0.770863 0.007297 0.019647
1 0.333638 0.776445 0.006987 0.019503
1 0.338635 0.993510 0.011333 0.012980
1 0.386096 0.932508 0.008629 0.020397
1 0.461375 0.947807 0.010046 0.020047
1 0.424320 0.013715 0.014683 0.027430
1 0.249578 0.496963 0.009446 0.021980
1 0.218238 0.579172 0.012880 0.033410
1 0.137041 0.501640 0.011553 0.029107
2 0.377175 0.964643 0.008384 0.020693
2 0.481401 0.804880 0.005151 0.011607
2 0.434315 0.651077 0.008530 0.025320
2 0.372333 0.580965 0.008748 0.019503
2 0.370573 0.594815 0.008541 0.015830
2 0.290171 0.476860 0.007341 0.015120
2 0.428926 0.501600 0.010061 0.018520
2 0.270469 0.380938 0.008011 0.021370
2 0.280563 0.349815 0.008447 0.022897
2 0.268482 0.285450 0.007267 0.016960
2 0.276618 0.278752 0.007267 0.017470
2 0.276183 0.292573 0.008011 0.013907
2 0.276712 0.304870 0.008944 0.017127
2 0.190267 0.359993 0.008500 0.016180
2 0.212444 0.125850 0.008229 0.020760
2 0.151581 0.076638 0.009391 0.017097
2 0.150687 0.090313 0.006351 0.014653
2 0.146617 0.094955 0.007692 0.015143
2 0.372296 0.100983 0.009167 0.015060
2 0.376507 0.029648 0.005963 0.016077
2 0.235292 0.615567 0.009015 0.021453
2 0.266975 0.661110 0.009531 0.026027
2 0.209791 0.667967 0.006182 0.018640
2 0.214622 0.673418 0.006826 0.016177
2 0.230261 0.590740 0.007782 0.027353
2 0.128103 0.743478 0.007603 0.018563
2 0.118175 0.715025 0.007603 0.021737
2 0.107264 0.719423 0.006530 0.015873
2 0.076721 0.715637 0.006439 0.015633
2 0.092526 0.523987 0.010304 0.022860
2 0.111684 0.487937 0.006117 0.014653
2 0.129822 0.544355 0.008264 0.027843
2 0.080828 0.420237 0.008801 0.031067
2 0.086423 0.422908 0.006884 0.026003
2 0.090460 0.434640 0.008022 0.022613
2 0.092297 0.416053 0.007556 0.021060
2 0.095248 0.425735 0.007454 0.017810
2 0.070529 0.921998 0.010732 0.024423
2 0.073621 0.899915 0.012448 0.029917
