1 0.411898 0.830772 0.013965 0.028710
1 0.229258 0.229317 0.053231 0.113593
1 0.371368 0.492162 0.020819 0.041990
1 0.121868 0.787652 0.018483 0.035143
1 0.123511 0.748772 0.015745 0.031403
1 0.139650 0.719947 0.009857 0.030280
2 0.158354 0.669513 0.033679 0.061687
2 0.491285 0.370342 0.014928 0.036090
1 0.322254 0.246975 0.039232 0.112517
1 0.308848 0.140380 0.033318 0.096367
2 0.269418 0.172412 0.026221 0.071063
1 0.110101 0.425330 0.010646 0.021533
1 0.022075 0.259298 0.008453 0.034990
1 0.029223 0.258002 0.007372 0.021183
2 0.037915 0.708470 0.017388 0.033647
