1 0.335753 0.636033 0.008215 0.019007
1 0.397679 0.894320 0.011102 0.031180
1 0.064752 0.024560 0.016396 0.035007
1 0.402259 0.011872 0.014681 0.023743
1 0.414700 0.083742 0.011591 0.026730
1 0.292924 0.755603 0.010551 0.027453
1 0.305665 0.765658 0.011746 0.025277
1 0.308995 0.728007 0.006868 0.015220
1 0.253787 0.457332 0.008162 0.022017
1 0.443661 0.409957 0.013496 0.037833
1 0.424561 0.199708 0.009116 0.021137
1 0.434107 0.282135 0.008600 0.020663
1 0.160439 0.889103 0.008170 0.024267
1 0.223361 0.952117 0.008456 0.020353
1 0.065063 0.874568 0.010391 0.023483
1 0.093306 0.533490 0.014233 0.030713
1 0.116922 0.598058 0.010023 0.020763
1 0.113035 0.612450 0.009504 0.020920
1 0.052410 0.636225 0.012183 0.030530
1 0.127969 0.165093 0.011868 0.038513
1 0.109736 0.169792 0.011868 0.030997
1 0.097955 0.212295 0.012728 0.026770
1 0.306907 0.073578 0.011219 0.027263
1 0.311946 0.020357 0.009698 0.022067
1 0.327206 0.029182 0.012645 0.025183
1 0.358686 0.613603 0.005704 0.012773
1 0.311281 0.592105 0.007872 0.019003
1 0.029511 0.251448 0.011488 0.022357
1 0.040211 0.097152 0.007872 0.020250
1 0.056925 0.079828 0.005476 0.016823
1 0.055784 0.132168 0.007073 0.018070
1 0.353061 0.959943 0.010267 0.028787
1 0.026982 0.784113 0.010269 0.026907
1 0.175939 0.227872 0.011219 0.034530
2 0.086342 0.185273 0.007593 0.019833
2 0.075510 0.505303 0.012644 0.037127
1 0.068246 0.790057 0.010363 0.029340
1 0.092396 0.904940 0.011885 0.027000
1 0.047948 0.982047 0.011599 0.025960
2 0.175808 0.992467 0.011750 0.015067
1 0.465898 0.767573 0.007207 0.016227
2 0.351089 0.612218 0.011227 0.032150
2 0.376829 0.623992 0.010405 0.027283
1 0.287638 0.892755 0.014341 0.029857
1 0.272743 0.891132 0.007686 0.019257
