1 0.056782 0.776290 0.017715 0.049307
1 0.111640 0.816440 0.006276 0.016200
1 0.132462 0.745408 0.007758 0.019937
1 0.102056 0.879997 0.007644 0.018693
1 0.110841 0.897443 0.007187 0.014333
1 0.177585 0.885760 0.010612 0.026480
1 0.237825 0.836223 0.007872 0.015267
1 0.254939 0.892458 0.010154 0.021183
1 0.368467 0.840648 0.008232 0.017057
1 0.328011 0.721263 0.009653 0.017053
1 0.208839 0.695923 0.010132 0.028040
1 0.289958 0.665080 0.009447 0.020933
1 0.461838 0.939327 0.007322 0.022847
1 0.465176 0.786502 0.009812 0.027417
1 0.432032 0.742573 0.006276 0.012460
0 0.432431 0.757835 0.011180 0.021797
1 0.489075 0.680372 0.006735 0.018750
1 0.494852 0.636020 0.006140 0.016587
1 0.344866 0.568917 0.005363 0.011840
1 0.297860 0.554742 0.005134 0.014643
1 0.384058 0.335035 0.007606 0.013197
1 0.393530 0.327677 0.006567 0.020553
1 0.417814 0.328868 0.008549 0.019903
1 0.398831 0.076177 0.008214 0.019627
1 0.283633 0.048853 0.005476 0.016200
1 0.291562 0.183285 0.008329 0.025237
1 0.284945 0.269585 0.011980 0.032090
1 0.266918 0.358373 0.010839 0.028973
1 0.176238 0.030908 0.011180 0.028663
1 0.183882 0.014208 0.010497 0.028417
1 0.171390 0.012027 0.009469 0.024053
1 0.090921 0.094122 0.004906 0.015577
1 0.058519 0.144280 0.007872 0.014953
1 0.109118 0.213910 0.010497 0.027727
1 0.117162 0.264537 0.008557 0.022433
1 0.061885 0.303013 0.010725 0.025860
1 0.010771 0.298962 0.005476 0.012150
1 0.001852 0.028390 0.003704 0.026480
1 0.041686 0.520295 0.009413 0.020770
1 0.126995 0.596647 0.009349 0.027907
1 0.104217 0.660362 0.010062 0.021637
2 0.343673 0.981550 0.016392 0.036900
2 0.419796 0.581022 0.006180 0.012463
2 0.207953 0.317780 0.005699 0.024300
2 0.212234 0.317780 0.007872 0.024300
