1 0.297151 0.380160 0.007329 0.018933
1 0.197692 0.411898 0.004786 0.013223
1 0.213834 0.614937 0.006140 0.016227
1 0.264309 0.937292 0.005149 0.013630
1 0.236697 0.891965 0.006655 0.015143
1 0.384774 0.864418 0.006768 0.016377
1 0.419658 0.936612 0.007428 0.018630
1 0.432340 0.873508 0.004951 0.014723
1 0.473220 0.798078 0.006074 0.013523
1 0.428707 0.666320 0.006537 0.016947
1 0.386232 0.564395 0.005172 0.013523
1 0.261722 0.545805 0.008138 0.017217
1 0.255188 0.524678 0.006992 0.018570
1 0.310648 0.469203 0.004854 0.011373
1 0.431075 0.419170 0.008693 0.019833
1 0.442877 0.370402 0.005172 0.012470
1 0.378878 0.303570 0.009094 0.017007
1 0.355818 0.310560 0.005311 0.012833
1 0.378032 0.250980 0.009640 0.022900
1 0.368260 0.170840 0.008452 0.023080
1 0.363572 0.127570 0.007924 0.020193
1 0.363870 0.097550 0.005481 0.015687
1 0.153553 0.276077 0.006814 0.018607
1 0.154742 0.156543 0.009032 0.021853
0 0.482262 0.454070 0.025862 0.074513
2 0.484880 0.487170 0.009904 0.023587
1 0.476961 0.412967 0.006915 0.017007
0 0.385251 0.516925 0.010684 0.024790
0 0.387498 0.537458 0.009857 0.020283
2 0.306792 0.395547 0.007686 0.017960
1 0.057529 0.984155 0.005197 0.011477
1 0.075109 0.893403 0.005693 0.014293
1 0.087842 0.723248 0.004623 0.010970
1 0.027596 0.652468 0.005593 0.013523
1 0.115006 0.493585 0.004890 0.013250
1 0.065678 0.478613 0.006954 0.016693
1 0.026991 0.380352 0.006282 0.015277
1 0.014542 0.330583 0.007520 0.020160
1 0.009790 0.085078 0.005044 0.011683
1 0.151149 0.240155 0.006493 0.016377
1 0.211627 0.193595 0.009037 0.021310
1 0.286163 0.206543 0.007061 0.017027
1 0.321680 0.304707 0.005811 0.012980
