2 0.462595 0.841305 0.004607 0.011590
1 0.182888 0.463347 0.012919 0.040533
2 0.065884 0.186555 0.004844 0.013057
2 0.007106 0.335173 0.004572 0.012367
2 0.026434 0.474850 0.007090 0.014273
2 0.089268 0.358130 0.009144 0.028840
2 0.107363 0.427763 0.006697 0.016880
2 0.023661 0.706725 0.006826 0.019343
2 0.036025 0.723782 0.007599 0.016177
2 0.042143 0.746992 0.005409 0.016883
2 0.060431 0.734858 0.006697 0.024970
2 0.057340 0.794822 0.007727 0.018290
2 0.043798 0.992363 0.007423 0.015273
2 0.124937 0.778672 0.014042 0.029063
2 0.135402 0.755958 0.007065 0.017830
2 0.096451 0.728850 0.006083 0.013920
2 0.096826 0.959500 0.005544 0.015387
2 0.127951 0.904670 0.004471 0.012213
2 0.124092 0.717268 0.006107 0.013283
2 0.162532 0.621887 0.006437 0.025293
2 0.203545 0.710508 0.005366 0.015143
2 0.186596 0.784753 0.006530 0.016120
2 0.219041 0.919672 0.007882 0.017303
2 0.239520 0.991543 0.004596 0.012720
2 0.316442 0.846735 0.009019 0.020150
2 0.392343 0.853552 0.006708 0.015263
2 0.457057 0.841305 0.004917 0.013570
2 0.463553 0.853742 0.004037 0.011023
2 0.460421 0.855438 0.004089 0.011023
2 0.469788 0.624978 0.008385 0.020350
2 0.489850 0.612088 0.007019 0.018657
2 0.496092 0.624640 0.005963 0.016960
2 0.399615 0.530818 0.004347 0.014277
2 0.396431 0.528557 0.003986 0.012860
2 0.382172 0.528417 0.007142 0.017667
2 0.377618 0.519795 0.006315 0.013710
2 0.357211 0.728957 0.004844 0.014653
2 0.332717 0.570350 0.005953 0.016680
2 0.315136 0.525837 0.005780 0.015900
2 0.475009 0.488350 0.007006 0.015467
0 0.496743 0.473555 0.006335 0.039890
2 0.453366 0.197103 0.009069 0.024253
2 0.455881 0.240183 0.012112 0.023573
2 0.460222 0.096078 0.004473 0.013230
2 0.469613 0.048352 0.004771 0.016283
2 0.478147 0.038482 0.004248 0.012823
2 0.392596 0.145807 0.004399 0.013427
2 0.388688 0.152023 0.006315 0.013427
2 0.408357 0.169127 0.005591 0.012013
2 0.350951 0.167542 0.006160 0.014557
2 0.358810 0.066307 0.006770 0.021540
2 0.348530 0.053162 0.007080 0.021030
2 0.351884 0.022973 0.006460 0.022727
2 0.361449 0.029163 0.007454 0.021540
2 0.369648 0.004278 0.007701 0.008557
2 0.254772 0.257980 0.008022 0.022613
2 0.156069 0.020103 0.006858 0.016893
2 0.228575 0.425217 0.008944 0.022387
2 0.223209 0.412700 0.008497 0.016080
2 0.320218 0.407402 0.008243 0.018990
2 0.345095 0.318828 0.007390 0.016450
2 0.204852 0.353200 0.005590 0.012720
2 0.154899 0.448133 0.007245 0.016853
2 0.147610 0.487087 0.004829 0.010747
2 0.165888 0.479343 0.009989 0.031093
2 0.175383 0.487535 0.005698 0.010470
2 0.172021 0.501252 0.010249 0.027703
2 0.177456 0.527965 0.006831 0.015263
2 0.175049 0.564993 0.008540 0.023747
1 0.006313 0.057755 0.006771 0.018137
1 0.008424 0.012740 0.007544 0.017787
1 0.040559 0.206450 0.010286 0.023200
1 0.071251 0.133242 0.007603 0.024017
1 0.024601 0.328708 0.004482 0.013503
1 0.054249 0.486042 0.004607 0.010883
1 0.056630 0.491908 0.003778 0.011023
1 0.122424 0.399947 0.004830 0.012700
1 0.175258 0.439445 0.006039 0.014957
1 0.193743 0.410647 0.005215 0.015547
1 0.126574 0.663202 0.005009 0.019537
1 0.124733 0.725368 0.005511 0.011617
1 0.080710 0.822770 0.007391 0.017980
1 0.106075 0.915662 0.007144 0.015970
1 0.189726 0.666853 0.005155 0.011533
1 0.178142 0.609698 0.005217 0.015263
1 0.242315 0.610898 0.005848 0.013710
1 0.242703 0.944043 0.007091 0.016960
1 0.255720 0.965808 0.007454 0.016677
1 0.269230 0.988210 0.006211 0.015407
1 0.307233 0.864187 0.006335 0.018487
1 0.372132 0.926228 0.006522 0.014757
1 0.375920 0.872040 0.006895 0.017980
1 0.392908 0.905452 0.006335 0.015603
1 0.391884 0.837610 0.005652 0.016280
1 0.380237 0.833540 0.006708 0.016960
1 0.390294 0.763633 0.006427 0.015667
1 0.439464 0.933060 0.006315 0.017387
1 0.442491 0.724030 0.005516 0.012620
1 0.445435 0.681393 0.006335 0.017707
1 0.398528 0.697842 0.006643 0.016017
1 0.397479 0.638622 0.005176 0.014137
1 0.433619 0.490653 0.006708 0.013433
1 0.418414 0.347780 0.005992 0.013433
1 0.416152 0.340815 0.004960 0.010483
1 0.488312 0.188667 0.004658 0.011427
1 0.486630 0.180303 0.005176 0.011660
1 0.404822 0.161140 0.006108 0.014273
1 0.341671 0.184672 0.005292 0.013230
1 0.290892 0.141708 0.006112 0.018930
1 0.262532 0.077293 0.005442 0.012213
1 0.295177 0.018272 0.004993 0.015877
1 0.155215 0.255793 0.005176 0.016253
1 0.142715 0.259892 0.005331 0.011730
1 0.140438 0.268457 0.005021 0.010460
2 0.153999 0.276075 0.004192 0.011590
1 0.336686 0.586023 0.007867 0.018940
1 0.320590 0.561220 0.006108 0.015687
1 0.109999 0.007883 0.005903 0.015767
