1 0.291106 0.155775 0.008308 0.019830
0 0.156824 0.909833 0.016353 0.046473
0 0.445190 0.008843 0.006145 0.014433
0 0.078367 0.202922 0.008802 0.016830
0 0.069673 0.185043 0.008365 0.028247
1 0.216486 0.589983 0.008478 0.019907
1 0.214003 0.765068 0.008215 0.024923
1 0.161313 0.858913 0.009904 0.024880
1 0.126476 0.788370 0.009492 0.022287
1 0.118967 0.679812 0.006877 0.017130
1 0.068623 0.721053 0.010288 0.021787
1 0.044760 0.629830 0.010393 0.025147
1 0.173420 0.532313 0.006208 0.014707
1 0.009578 0.308248 0.007893 0.023437
1 0.160363 0.424102 0.006130 0.017897
1 0.263341 0.414650 0.010225 0.022913
1 0.326857 0.346317 0.005846 0.012520
1 0.323640 0.420150 0.006113 0.016080
1 0.365510 0.629935 0.008329 0.023370
1 0.369819 0.738737 0.007222 0.017947
1 0.358221 0.908393 0.009850 0.021933
1 0.396379 0.840903 0.006534 0.014607
1 0.427283 0.919617 0.008309 0.023287
1 0.442776 0.953042 0.008711 0.019510
1 0.464307 0.948922 0.011272 0.025457
1 0.462167 0.773908 0.005234 0.011683
1 0.444891 0.657150 0.008253 0.015867
1 0.431230 0.584220 0.006801 0.015687
1 0.314969 0.269815 0.005548 0.012897
1 0.332415 0.254415 0.007520 0.020157
1 0.348165 0.231878 0.004723 0.012143
1 0.433583 0.258752 0.007977 0.020283
2 0.472153 0.339058 0.006207 0.014783
1 0.438474 0.126337 0.005277 0.014273
1 0.440382 0.116810 0.005227 0.013620
1 0.445079 0.122100 0.005546 0.012607
1 0.445676 0.133763 0.007218 0.014927
1 0.454074 0.146153 0.005758 0.013620
1 0.453530 0.157783 0.006686 0.014127
1 0.448369 0.159630 0.005332 0.018113
1 0.444177 0.161117 0.005492 0.016593
1 0.429283 0.147983 0.006801 0.017127
1 0.303568 0.223837 0.009023 0.019833
1 0.288135 0.172453 0.009739 0.024640
1 0.118373 0.133028 0.009005 0.023917
