1 0.419615 0.160285 0.011561 0.026030
0 0.378325 0.701050 0.026053 0.056393
0 0.406120 0.438567 0.015621 0.040007
0 0.406782 0.477127 0.020652 0.034707
0 0.469012 0.866752 0.013591 0.029403
0 0.466100 0.880850 0.014475 0.025307
0 0.453434 0.897478 0.013856 0.035430
0 0.464467 0.910372 0.012797 0.036150
0 0.435139 0.313395 0.009355 0.020250
0 0.149293 0.339010 0.013679 0.032773
2 0.013004 0.428642 0.006030 0.014663
2 0.090405 0.638107 0.009438 0.018240
2 0.098912 0.892780 0.007844 0.019247
2 0.103172 0.902570 0.007906 0.018073
2 0.093243 0.906755 0.009868 0.026777
2 0.244065 0.954733 0.012073 0.026607
2 0.472939 0.822672 0.009973 0.020243
2 0.480883 0.784473 0.008914 0.019040
2 0.464070 0.774112 0.007590 0.016630
2 0.331373 0.649602 0.007303 0.017157
2 0.333876 0.640817 0.007507 0.015760
2 0.251954 0.553548 0.013768 0.027717
1 0.433629 0.017617 0.011473 0.030327
2 0.369238 0.476920 0.009425 0.020533
2 0.397145 0.447710 0.009531 0.022267
2 0.400980 0.264712 0.012201 0.026650
2 0.348441 0.082932 0.009608 0.022070
2 0.170484 0.281822 0.010680 0.031570
1 0.418140 0.807333 0.009783 0.020887
1 0.295222 0.731997 0.008887 0.021927
1 0.081232 0.694917 0.013345 0.028053
1 0.049512 0.619582 0.014298 0.041643
1 0.023946 0.497713 0.015145 0.038753
1 0.127211 0.487223 0.010414 0.020727
1 0.133169 0.513493 0.014739 0.028440
1 0.121431 0.463607 0.011208 0.027953
1 0.131982 0.169413 0.009001 0.034413
1 0.087311 0.018642 0.015593 0.037283
1 0.205571 0.009347 0.013176 0.018693
1 0.145618 0.239958 0.011621 0.024903
1 0.219135 0.315512 0.009404 0.017003
1 0.241312 0.261893 0.010802 0.028460
1 0.256308 0.279767 0.012582 0.030887
1 0.237319 0.579063 0.010697 0.026607
1 0.321771 0.299445 0.009562 0.022090
1 0.423683 0.568250 0.010856 0.022413
1 0.487753 0.581617 0.014121 0.030127
