1 0.281052 0.110283 0.009078 0.020547
0 0.229819 0.149447 0.010704 0.024640
2 0.341705 0.184843 0.012184 0.021200
2 0.343143 0.167595 0.011682 0.023970
2 0.246078 0.734778 0.015480 0.046183
2 0.290598 0.771960 0.009030 0.025833
2 0.331318 0.556892 0.012614 0.022310
1 0.412787 0.666912 0.010177 0.028570
1 0.421316 0.608398 0.012327 0.025830
1 0.308432 0.575998 0.015031 0.025550
1 0.287878 0.447710 0.008959 0.025547
1 0.307835 0.312625 0.012242 0.031530
1 0.318585 0.303793 0.005873 0.018753
1 0.431796 0.160147 0.010651 0.027993
1 0.146309 0.120535 0.009907 0.025023
1 0.040405 0.095395 0.007397 0.022543
1 0.057949 0.361978 0.010492 0.025830
1 0.104130 0.456617 0.009631 0.030060
1 0.022087 0.458683 0.011696 0.033347
1 0.045479 0.509643 0.007568 0.019727
1 0.208297 0.643427 0.008170 0.028180
1 0.194323 0.725425 0.008887 0.030137
1 0.221197 0.797243 0.011896 0.029747
1 0.136201 0.740492 0.015623 0.025050
1 0.081090 0.737948 0.011753 0.028570
1 0.031068 0.793527 0.012327 0.034833
1 0.005809 0.831430 0.009735 0.029727
1 0.001594 0.825612 0.003188 0.025323
1 0.260578 0.886248 0.011376 0.025690
