1 0.200206 0.163480 0.009036 0.027813
0 0.445516 0.758958 0.018621 0.045983
0 0.290821 0.448948 0.013866 0.038943
0 0.068453 0.721070 0.010649 0.022067
2 0.306881 0.700845 0.012815 0.033197
2 0.391846 0.597125 0.009603 0.026223
2 0.362768 0.881650 0.010267 0.019940
2 0.195670 0.941362 0.009174 0.024303
2 0.154545 0.226983 0.018445 0.039720
2 0.293661 0.209122 0.011409 0.024143
2 0.185176 0.074355 0.011885 0.025963
2 0.384016 0.067473 0.012979 0.035440
2 0.396339 0.171557 0.010350 0.029160
1 0.176713 0.859823 0.010366 0.032813
1 0.184008 0.887318 0.008979 0.021457
1 0.084189 0.498885 0.005704 0.014277
1 0.174939 0.550545 0.009348 0.021850
1 0.254243 0.612197 0.014293 0.030507
1 0.258431 0.517985 0.011172 0.024223
1 0.300079 0.549613 0.016265 0.036340
1 0.314702 0.515293 0.011664 0.034093
1 0.359767 0.401477 0.012322 0.035440
1 0.406672 0.427497 0.013801 0.040827
1 0.372135 0.675375 0.011409 0.029597
1 0.045437 0.322230 0.008875 0.025747
1 0.151664 0.183320 0.010725 0.025233
1 0.170033 0.214475 0.010269 0.022743
1 0.233476 0.080708 0.009200 0.020190
1 0.255245 0.199595 0.013636 0.028263
1 0.441896 0.260922 0.007721 0.024677
1 0.419436 0.014557 0.010142 0.023800
2 0.206473 0.683862 0.014657 0.033103
1 0.141025 0.312788 0.009393 0.022343
