1 0.496476 0.146693 0.006560 0.029200
1 0.320775 0.420757 0.010750 0.030127
1 0.302743 0.331540 0.011780 0.032840
1 0.256266 0.548450 0.014929 0.035913
1 0.202751 0.621370 0.012510 0.031900
2 0.230829 0.142223 0.006570 0.023807
2 0.236503 0.143690 0.005974 0.019567
2 0.245759 0.215443 0.008721 0.022833
2 0.248740 0.008043 0.009678 0.016087
2 0.097937 0.155550 0.014448 0.034473
2 0.094720 0.232340 0.010232 0.022080
2 0.047822 0.296987 0.014170 0.033600
0 0.350996 0.436443 0.012432 0.033167
2 0.451077 0.268370 0.012524 0.030580
2 0.299569 0.178913 0.017439 0.035880
2 0.290610 0.223597 0.015527 0.029353
2 0.459705 0.041290 0.009746 0.024727
0 0.421158 0.778313 0.014431 0.035333
2 0.274246 0.148090 0.016006 0.033593
1 0.377878 0.512690 0.015620 0.039260
1 0.116616 0.478863 0.008525 0.019193
1 0.118809 0.489330 0.007861 0.019340
0 0.253525 0.951510 0.011895 0.033407
2 0.245365 0.479563 0.015725 0.037593
2 0.276326 0.619000 0.012559 0.032720
2 0.199719 0.778300 0.023184 0.059507
2 0.269170 0.088893 0.013735 0.023480
2 0.383672 0.949217 0.014229 0.036340
2 0.302079 0.965667 0.016243 0.034160
2 0.467574 0.691573 0.010657 0.026587
2 0.063644 0.935533 0.013938 0.022493
2 0.060244 0.953857 0.009331 0.023273
0 0.074406 0.961800 0.010945 0.027213
0 0.141042 0.686160 0.021670 0.037760
0 0.381888 0.036057 0.016365 0.039460
1 0.465613 0.057117 0.005083 0.013500
1 0.468129 0.064977 0.005452 0.013593
