0 0.004828 0.486823 0.009657 0.033787
2 0.146143 0.973140 0.015342 0.036293
2 0.050732 0.871972 0.010061 0.024830
2 0.040782 0.851618 0.009392 0.024017
2 0.117212 0.837882 0.014285 0.029683
2 0.208794 0.916187 0.006646 0.017640
2 0.200191 0.932383 0.004596 0.010007
2 0.228284 0.819062 0.005133 0.014370
2 0.232964 0.813820 0.007074 0.020847
2 0.089459 0.688573 0.008196 0.019080
2 0.125195 0.646135 0.005693 0.018517
2 0.137674 0.432490 0.005072 0.013427
2 0.187039 0.421668 0.006807 0.015997
2 0.032537 0.217858 0.006885 0.020210
2 0.025061 0.123095 0.004343 0.011043
2 0.117618 0.187668 0.007970 0.024450
2 0.115832 0.211907 0.009781 0.028267
2 0.146224 0.255552 0.004866 0.011023
2 0.232145 0.403192 0.004463 0.017097
2 0.218500 0.162298 0.006366 0.018797
2 0.227819 0.033598 0.008627 0.022263
2 0.396266 0.276018 0.008281 0.020777
2 0.327809 0.596487 0.006708 0.015433
2 0.411752 0.677818 0.004183 0.010837
1 0.232632 0.868868 0.005466 0.014417
1 0.228191 0.889307 0.004658 0.011533
1 0.194343 0.933093 0.005990 0.013360
1 0.060031 0.940707 0.005383 0.015120
1 0.028121 0.955758 0.010093 0.022330
1 0.070258 0.730822 0.005931 0.017177
1 0.063860 0.725325 0.005930 0.016197
1 0.168212 0.749195 0.007069 0.019303
1 0.247753 0.654775 0.005691 0.011450
1 0.134737 0.587893 0.005302 0.013493
1 0.003033 0.631488 0.004639 0.015677
1 0.005995 0.440937 0.004277 0.010700
1 0.031385 0.117050 0.005607 0.016293
1 0.037657 0.116118 0.005930 0.016197
1 0.046917 0.094525 0.005823 0.014623
1 0.042424 0.046137 0.006290 0.017993
1 0.110053 0.199858 0.005482 0.016603
1 0.149955 0.399040 0.005515 0.012473
1 0.166250 0.492067 0.006760 0.016813
1 0.175948 0.457147 0.007635 0.018020
1 0.181814 0.450433 0.007031 0.016133
1 0.179226 0.434768 0.006082 0.021083
1 0.184531 0.436298 0.006255 0.014723
1 0.247774 0.555323 0.004596 0.013060
2 0.283426 0.543943 0.007577 0.019167
1 0.301661 0.633568 0.005608 0.016843
1 0.312883 0.874618 0.007816 0.020210
1 0.273003 0.956985 0.011592 0.028137
1 0.395593 0.900623 0.012319 0.026573
1 0.454833 0.857773 0.005961 0.012187
1 0.439180 0.752628 0.005571 0.012923
1 0.355076 0.745918 0.009369 0.021623
1 0.332225 0.545615 0.007505 0.022190
1 0.331649 0.435555 0.010106 0.024423
1 0.278383 0.426288 0.006895 0.020183
1 0.298191 0.363417 0.007620 0.018353
1 0.332100 0.337372 0.010973 0.024170
1 0.349231 0.293308 0.007117 0.018650
1 0.369438 0.224192 0.005858 0.013250
1 0.418308 0.246143 0.005332 0.012353
1 0.476425 0.249460 0.005848 0.015407
1 0.456670 0.157043 0.005176 0.013073
1 0.496154 0.134737 0.006599 0.021553
1 0.437645 0.080062 0.006168 0.013897
1 0.379670 0.177375 0.006840 0.015023
