1 0.865588 0.814998 0.022256 0.028563
1 0.801494 0.938668 0.019584 0.025523
1 0.661064 0.898560 0.019138 0.024307
1 0.601196 0.865743 0.036500 0.040107
2 0.726270 0.959635 0.019582 0.024917
2 0.852902 0.723233 0.022700 0.024913
2 0.856910 0.699533 0.019140 0.022487
2 0.682874 0.604728 0.019140 0.018837
2 0.557130 0.721715 0.032048 0.032817
0 0.967312 0.253528 0.057172 0.085597
0 0.724138 0.067135 0.042168 0.040750
2 0.826528 0.087797 0.018484 0.023053
2 0.811240 0.097300 0.017570 0.022120
2 0.903996 0.132815 0.020080 0.029597
2 0.863608 0.105087 0.018254 0.020873
2 0.850488 0.114590 0.016198 0.018693
2 0.824702 0.133748 0.017114 0.021497
2 0.201214 0.115930 0.015772 0.017900
2 0.248036 0.207675 0.017414 0.016643
2 0.271530 0.153818 0.017742 0.014803
2 0.500388 0.147087 0.018730 0.022880
2 0.416928 0.144888 0.020044 0.023777
2 0.224624 0.956197 0.025078 0.031007
2 0.084568 0.748823 0.044952 0.054267
2 0.291104 0.814072 0.034068 0.038763
2 0.364206 0.972025 0.020346 0.022610
2 0.611124 0.904640 0.022134 0.023680
2 0.682202 0.830803 0.024644 0.024927
2 0.356888 0.365022 0.026292 0.023923
2 0.538432 0.425588 0.013692 0.017197
0 0.413982 0.437550 0.044086 0.057573