2 0.303056 0.343205 0.019544 0.023617
4 0.214224 0.461798 0.104490 0.154777
0 0.971084 0.875255 0.053560 0.077163
1 0.813990 0.763195 0.027098 0.033750
1 0.714240 0.726740 0.018698 0.024880
1 0.717884 0.684117 0.020598 0.025313
1 0.643918 0.703845 0.023636 0.026143
1 0.300604 0.928602 0.022558 0.028097
1 0.120250 0.878098 0.023770 0.030937
1 0.024248 0.742497 0.023936 0.028173
1 0.052630 0.654717 0.015772 0.018653
1 0.032154 0.632792 0.013310 0.017997
1 0.038108 0.616967 0.013248 0.017127
1 0.018590 0.616488 0.011398 0.015997
1 0.009706 0.603317 0.011462 0.016087
1 0.046956 0.265390 0.016506 0.020913
1 0.100658 0.071448 0.020598 0.023257
1 0.317224 0.205190 0.019810 0.025060
1 0.369120 0.244315 0.015848 0.019290
1 0.740458 0.011042 0.021918 0.022083
1 0.785642 0.263682 0.027730 0.034617
1 0.989596 0.163620 0.020124 0.033967
1 0.989014 0.568015 0.017686 0.024403
1 0.955662 0.703953 0.029184 0.034253
1 0.708536 0.824280 0.024942 0.028420
1 0.779522 0.936750 0.012012 0.015400
1 0.299384 0.725787 0.032618 0.042367
1 0.191400 0.677585 0.021242 0.022957
2 0.038814 0.661058 0.013244 0.017043
2 0.123518 0.605038 0.014858 0.017823
2 0.283974 0.310752 0.022316 0.025063
2 0.320882 0.107652 0.017696 0.026323
2 0.597978 0.420277 0.027098 0.035267
2 0.406740 0.448692 0.034686 0.037077
1 0.413242 0.567548 0.018940 0.026170
2 0.618416 0.638020 0.013372 0.018840
2 0.481786 0.805673 0.022186 0.023800
2 0.442698 0.854372 0.016638 0.016950
2 0.678190 0.900538 0.018636 0.022330
2 0.887264 0.958173 0.019584 0.022847
2 0.913028 0.344877 0.021550 0.029640
2 0.880834 0.077513 0.019808 0.022987
2 0.693400 0.032273 0.018376 0.024940