2 0.598346 0.180047 0.023274 0.031780
0 0.316070 0.561082 0.039744 0.047290
0 0.322270 0.724097 0.034070 0.043487
0 0.442956 0.827660 0.027600 0.034093
2 0.327244 0.648727 0.024034 0.020373
2 0.279108 0.847218 0.027820 0.034110
2 0.181730 0.861173 0.027256 0.027907
2 0.178040 0.899935 0.023278 0.026357
2 0.315730 0.901485 0.023848 0.031010
2 0.260372 0.913888 0.030092 0.027910
1 0.071538 0.777810 0.035596 0.046420
1 0.082948 0.852893 0.022820 0.022740
2 0.076558 0.825788 0.026014 0.026483
1 0.240264 0.665832 0.020916 0.027043
1 0.284476 0.630133 0.021868 0.024880
1 0.381136 0.691470 0.023138 0.031153
1 0.397934 0.702612 0.014260 0.024883
1 0.409106 0.741338 0.016956 0.024017
2 0.485878 0.795858 0.022500 0.027477
2 0.510966 0.909718 0.018752 0.022357
2 0.557646 0.888803 0.015186 0.016947
2 0.536254 0.935498 0.020730 0.025963
2 0.554212 0.972188 0.020466 0.027943
0 0.520074 0.508372 0.022674 0.030057
2 0.601684 0.957675 0.024034 0.029930
2 0.655416 0.860568 0.013996 0.018210
1 0.680770 0.899243 0.019544 0.020913
1 0.570970 0.845515 0.026014 0.032090
2 0.794028 0.775682 0.030806 0.035050
2 0.787562 0.730248 0.027762 0.035570
2 0.846130 0.724667 0.017114 0.021807
2 0.818106 0.884498 0.016638 0.025310
1 0.764786 0.940965 0.017114 0.017957
2 0.418152 0.519557 0.018530 0.020607
1 0.388718 0.451492 0.026622 0.037643
1 0.483698 0.444613 0.012358 0.018173
1 0.356512 0.433448 0.017746 0.024450
1 0.354610 0.458763 0.016796 0.020553
1 0.347876 0.518907 0.025512 0.024013
2 0.362708 0.339435 0.019440 0.025797
2 0.358740 0.283357 0.021358 0.024300
2 0.424046 0.345415 0.022178 0.031777
2 0.475798 0.396822 0.018894 0.026917
2 0.488256 0.292515 0.015882 0.020937
2 0.482506 0.310087 0.021906 0.024673
2 0.724946 0.060912 0.020264 0.025050
2 0.505246 0.064307 0.022364 0.022120
2 0.530004 0.047172 0.009812 0.015890