2 0.653244 0.901020 0.028920 0.034187
2 0.029902 0.989697 0.022862 0.020607
1 0.700598 0.295287 0.021020 0.023200
1 0.192842 0.431777 0.041670 0.053487
1 0.715058 0.318383 0.029960 0.029513
1 0.561910 0.442267 0.037266 0.042533
1 0.781036 0.232650 0.029512 0.032233
1 0.960108 0.334767 0.036534 0.033253
1 0.830462 0.727867 0.031166 0.036227
1 0.015256 0.880613 0.027368 0.034440
0 0.201006 0.874203 0.101944 0.104567
2 0.593838 0.140147 0.033516 0.049093
2 0.595818 0.213167 0.042358 0.044520
2 0.899934 0.831237 0.031226 0.032940
0 0.534938 0.949010 0.055864 0.057553