0 0.951204 0.317417 0.054216 0.062433
2 0.340580 0.762887 0.019676 0.025060
1 0.158312 0.733553 0.010300 0.012980
1 0.016490 0.793482 0.015688 0.025530
1 0.055114 0.965680 0.017298 0.024160
1 0.076902 0.960812 0.011226 0.012623
1 0.069002 0.688595 0.011726 0.013630
1 0.007440 0.634290 0.010300 0.011900
1 0.240864 0.638255 0.012766 0.016077
1 0.320130 0.766547 0.011726 0.017740
1 0.717694 0.532950 0.020192 0.021900
1 0.616282 0.382212 0.009874 0.012237
1 0.411834 0.766395 0.010142 0.013630
1 0.356800 0.909467 0.016162 0.020553
1 0.448706 0.886103 0.012676 0.017093
1 0.495612 0.835910 0.014896 0.020553
1 0.786180 0.911342 0.012930 0.015577
1 0.847220 0.932500 0.010650 0.012720
1 0.598718 0.418258 0.029832 0.034997
1 0.878404 0.960540 0.017114 0.023627
1 0.903918 0.853520 0.014896 0.014927
1 0.787686 0.778122 0.011884 0.017310
1 0.750290 0.779852 0.012834 0.014277
1 0.748536 0.629487 0.013470 0.019833
1 0.808038 0.640935 0.019676 0.030830
1 0.833768 0.647948 0.024118 0.029297
1 0.865314 0.663287 0.018616 0.030427
1 0.955780 0.607247 0.015212 0.024447
1 0.981292 0.629315 0.009192 0.012330
1 0.951894 0.492735 0.020336 0.026503
1 0.913786 0.392743 0.015452 0.024880
1 0.887310 0.354252 0.012148 0.017850
1 0.804578 0.363357 0.016242 0.020193
1 0.756390 0.101482 0.009506 0.014497
1 0.737018 0.069180 0.016174 0.020953
1 0.746220 0.057093 0.013948 0.016953
1 0.543030 0.182548 0.012544 0.016083
1 0.585760 0.206417 0.012800 0.012347
1 0.474550 0.274345 0.012076 0.015963
1 0.394166 0.111613 0.016242 0.023260
1 0.087852 0.067538 0.010468 0.012623
1 0.080876 0.143245 0.014978 0.015443
1 0.065472 0.221570 0.011788 0.013913
1 0.104188 0.293470 0.011166 0.012833
1 0.156418 0.356085 0.011238 0.013357
1 0.236702 0.421790 0.014134 0.016173
1 0.347188 0.611502 0.010708 0.015650
1 0.478134 0.698100 0.010078 0.011693
1 0.559258 0.596158 0.011040 0.013103
1 0.246806 0.187073 0.016978 0.023220
1 0.353282 0.223603 0.014566 0.019233
1 0.596170 0.445848 0.020208 0.029263
1 0.191204 0.376607 0.055020 0.069213