0 0.076044 0.698287 0.034258 0.033760
1 0.201060 0.608113 0.029874 0.032947
0 0.961364 0.732263 0.032202 0.035873
0 0.939470 0.604597 0.036324 0.047833
0 0.975014 0.842767 0.044512 0.057733
0 0.500864 0.880983 0.018038 0.021780
2 0.482338 0.887620 0.018184 0.023200
2 0.512002 0.917030 0.021768 0.025033
1 0.930720 0.565177 0.024332 0.028793
2 0.548024 0.634980 0.023638 0.024853
2 0.713642 0.544500 0.029814 0.030387
2 0.881214 0.595840 0.021998 0.026147
2 0.973526 0.105697 0.033126 0.035193
2 0.894868 0.304733 0.019062 0.020493
2 0.857212 0.231477 0.022978 0.025100
2 0.769792 0.269767 0.023032 0.021440
2 0.601678 0.258503 0.027104 0.028073
2 0.616164 0.219757 0.019410 0.021913
2 0.536414 0.131480 0.026656 0.029920
2 0.200424 0.011470 0.019122 0.021793
2 0.046248 0.052053 0.020200 0.024533
2 0.082072 0.189580 0.016978 0.020773
2 0.153978 0.299100 0.014702 0.016533
2 0.156446 0.530940 0.018632 0.023573
2 0.325672 0.308050 0.024252 0.036927
2 0.274904 0.382783 0.016314 0.021687
1 0.323518 0.007630 0.024332 0.015260
1 0.512754 0.177400 0.030654 0.039387
1 0.561312 0.269370 0.027818 0.032007
1 0.689672 0.310217 0.033828 0.042540
1 0.668754 0.121217 0.017802 0.027953
0 0.796382 0.344453 0.035030 0.034813
1 0.896452 0.348323 0.022924 0.027780
1 0.837338 0.423937 0.028848 0.034820
1 0.815898 0.628817 0.035420 0.033407
1 0.833392 0.681570 0.018032 0.021687
1 0.799156 0.661787 0.032412 0.041907
1 0.969826 0.928720 0.028334 0.031360
1 0.891692 0.904397 0.025328 0.036633
1 0.777820 0.958467 0.017388 0.028133
1 0.462810 0.641087 0.033540 0.045387
1 0.493754 0.722230 0.016280 0.023687
1 0.456674 0.914653 0.021894 0.021400
1 0.078266 0.655560 0.019678 0.025853
1 0.404686 0.582690 0.018462 0.024913
1 0.305086 0.727907 0.027046 0.028133
1 0.252732 0.439753 0.025756 0.028427
1 0.421020 0.385830 0.023614 0.034287
1 0.069114 0.132037 0.018334 0.019340
1 0.134180 0.149333 0.019678 0.023000
1 0.216688 0.204490 0.019526 0.024220
1 0.161192 0.284397 0.015948 0.020353
1 0.123274 0.260337 0.030914 0.034873
0 0.518002 0.846790 0.015634 0.017300
0 0.526060 0.824503 0.014756 0.019540
0 0.553860 0.847707 0.032496 0.038267
1 0.082978 0.598260 0.033272 0.031013
0 0.552574 0.772590 0.047402 0.050313
0 0.450900 0.431577 0.031988 0.036047
0 0.412060 0.211277 0.032050 0.149500