0 0.313902 0.910707 0.034258 0.036573
0 0.244880 0.499223 0.031304 0.036633
0 0.075776 0.307920 0.022060 0.022187
0 0.549738 0.325660 0.048560 0.042373
0 0.588718 0.458507 0.072124 0.111480
1 0.656392 0.832743 0.026114 0.031500
1 0.536180 0.800430 0.023364 0.037473
1 0.598740 0.871160 0.016874 0.020493
1 0.118814 0.677910 0.026534 0.035820
1 0.169568 0.665083 0.028472 0.046407
1 0.377922 0.604533 0.025816 0.040720
1 0.155300 0.375253 0.022534 0.030040
1 0.127558 0.512267 0.022540 0.027107
1 0.049108 0.019630 0.017144 0.028700
1 0.394158 0.193173 0.019106 0.024613
1 0.404708 0.179127 0.012880 0.017293
1 0.691038 0.382910 0.030444 0.042300
1 0.926832 0.495763 0.032412 0.036633
1 0.968688 0.512027 0.017388 0.026960
1 0.943156 0.547093 0.013588 0.019333
2 0.951746 0.538900 0.012222 0.017667
2 0.817940 0.310867 0.029366 0.032000
2 0.773768 0.193050 0.022924 0.039740
2 0.468342 0.101040 0.027426 0.030733
2 0.411472 0.033470 0.016840 0.023807
2 0.064980 0.288410 0.015654 0.021207
2 0.051900 0.361917 0.018008 0.024767
2 0.589734 0.889153 0.013716 0.028960
2 0.579638 0.885320 0.015098 0.026027
2 0.545092 0.877257 0.022324 0.027260
1 0.621380 0.770303 0.016274 0.025273
1 0.607216 0.778190 0.014786 0.025780
1 0.951706 0.861563 0.024672 0.025327
2 0.604250 0.569117 0.014750 0.019313