0 0.815244 0.949177 0.023330 0.024340
0 0.037752 0.948357 0.043736 0.047253
0 0.201702 0.255737 0.032514 0.032193
0 0.631662 0.501015 0.028260 0.040823
0 0.730258 0.842868 0.031216 0.039257
0 0.341688 0.105460 0.030230 0.032300
2 0.269616 0.846128 0.020864 0.018390
2 0.270740 0.864365 0.022314 0.019163
2 0.226448 0.941962 0.017114 0.019690
2 0.224072 0.962190 0.017746 0.018173
2 0.212186 0.982095 0.021232 0.016877
2 0.166358 0.819895 0.018698 0.020770
2 0.168262 0.838935 0.019966 0.017310
2 0.181730 0.871172 0.017430 0.020337
2 0.116840 0.879392 0.025512 0.028557
2 0.160196 0.762995 0.020502 0.025303
2 0.008530 0.781623 0.017058 0.023580
1 0.065642 0.826223 0.028916 0.032300
1 0.101932 0.680827 0.022590 0.028660
2 0.138106 0.717908 0.018858 0.027043
2 0.139136 0.657653 0.019014 0.027693
2 0.165916 0.658303 0.017750 0.023367
2 0.193566 0.596730 0.022978 0.029207
2 0.253624 0.634482 0.021074 0.020770
2 0.256872 0.658497 0.024402 0.023367
2 0.174334 0.502933 0.025100 0.028040
2 0.209812 0.368677 0.021128 0.024160
1 0.264644 0.380693 0.026812 0.028300
1 0.041418 0.452410 0.021238 0.026893
1 0.018472 0.434607 0.017604 0.019233
1 0.008246 0.450682 0.016492 0.018030
1 0.096918 0.159532 0.019534 0.021783
2 0.112966 0.171490 0.018066 0.018907
1 0.156750 0.137635 0.017496 0.021810
2 0.189648 0.120112 0.022058 0.025183
2 0.308032 0.203880 0.020598 0.028647
2 0.290600 0.221648 0.022186 0.023077
1 0.396524 0.236310 0.026148 0.026827
2 0.418154 0.285637 0.017746 0.018607
2 0.431066 0.297320 0.014736 0.013413
2 0.445726 0.224410 0.019648 0.024233
2 0.418278 0.161315 0.029244 0.037237
2 0.517820 0.164968 0.017114 0.022743
1 0.594146 0.181012 0.022820 0.026170
1 0.589128 0.205782 0.022360 0.025237
1 0.600764 0.234910 0.027382 0.029287
2 0.603774 0.120908 0.021074 0.022717
2 0.586026 0.131508 0.015686 0.020123
1 0.674906 0.084172 0.022186 0.017957
1 0.682988 0.057560 0.022182 0.024880
1 0.852316 0.080240 0.011006 0.012920
1 0.858590 0.089257 0.016946 0.017127
1 0.813912 0.159118 0.020026 0.021937
1 0.843182 0.181430 0.016726 0.025393
1 0.862662 0.155513 0.018706 0.027347
2 0.879112 0.151157 0.014856 0.025240
2 0.766540 0.181928 0.018348 0.022430
2 0.819250 0.187348 0.013692 0.016823
2 0.865114 0.246605 0.028204 0.035143
2 0.866484 0.302497 0.021084 0.034767
2 0.848822 0.385493 0.014788 0.026547
2 0.831160 0.388858 0.018894 0.030283
2 0.911254 0.431290 0.018620 0.025420
2 0.947260 0.531297 0.018344 0.020560
2 0.937128 0.659155 0.017798 0.021310
2 0.935350 0.685512 0.016430 0.027663