2 0.323096 0.932492 0.023770 0.029297
2 0.573634 0.802370 0.019870 0.019813
1 0.343226 0.507762 0.034226 0.041870
1 0.545272 0.236588 0.044030 0.065050
1 0.940224 0.425317 0.036274 0.052760
2 0.012626 0.897952 0.018886 0.023477
2 0.332724 0.966148 0.008472 0.016077
2 0.340538 0.966072 0.009572 0.014723
2 0.489578 0.812682 0.023580 0.030117
2 0.638826 0.711925 0.015740 0.021490
2 0.991220 0.904495 0.018916 0.029877
2 0.973230 0.851320 0.011128 0.012660
1 0.915434 0.919493 0.028472 0.039687
2 0.900098 0.788203 0.015096 0.015193
2 0.898632 0.776130 0.015442 0.014367
2 0.985528 0.532540 0.021468 0.029307
2 0.882758 0.076142 0.014908 0.020070
0 0.411818 0.105155 0.023852 0.029510
1 0.626484 0.926670 0.016180 0.020920
1 0.526912 0.860045 0.025864 0.029623
1 0.413258 0.599980 0.025926 0.038867
1 0.327320 0.389777 0.025674 0.030193
1 0.306224 0.319848 0.031772 0.040257
1 0.175428 0.273148 0.021230 0.032983
1 0.024964 0.227808 0.018978 0.018277
1 0.032468 0.220077 0.014856 0.017273
1 0.015660 0.139137 0.018386 0.026107
1 0.515362 0.044917 0.028948 0.038320
1 0.592352 0.172197 0.026770 0.033540
1 0.661058 0.481083 0.025928 0.039213
1 0.302958 0.890037 0.026478 0.033540
1 0.853166 0.417263 0.031264 0.039213
2 0.033530 0.267615 0.029216 0.029843
0 0.627260 0.400913 0.019440 0.026920
0 0.149412 0.409930 0.023010 0.027260