1 0.549134 0.750692 0.022016 0.029610
2 0.208332 0.047790 0.022454 0.028787
1 0.119614 0.085552 0.014786 0.017570
1 0.268984 0.110973 0.022728 0.027293
2 0.346746 0.048540 0.015608 0.019813
2 0.399892 0.109785 0.017414 0.021983
2 0.485980 0.050788 0.022016 0.025123
2 0.445400 0.136477 0.021688 0.026020
2 0.143046 0.899477 0.018636 0.022847
2 0.399924 0.231280 0.016976 0.022807
1 0.350362 0.246608 0.024096 0.027290
1 0.217012 0.264365 0.016978 0.016450
1 0.410686 0.050820 0.018090 0.028847
1 0.438416 0.079845 0.017562 0.023077
1 0.619500 0.157710 0.029208 0.031153
1 0.562676 0.008120 0.021656 0.016240
1 0.850202 0.013338 0.024296 0.026677
1 0.941218 0.109682 0.027574 0.036997
2 0.928604 0.219008 0.023960 0.025443
1 0.785306 0.285523 0.019204 0.022327
1 0.675930 0.317067 0.023770 0.026480
1 0.878442 0.432338 0.023770 0.030637
1 0.841440 0.445937 0.026098 0.027207
1 0.652814 0.644378 0.029664 0.026170
1 0.710886 0.550133 0.026240 0.031467
1 0.644144 0.503558 0.020538 0.024303
1 0.602956 0.487047 0.014376 0.023053
1 0.570846 0.467007 0.014304 0.017580
1 0.567050 0.521095 0.013312 0.017877
2 0.580130 0.438058 0.009812 0.015023
2 0.579166 0.426413 0.009354 0.009513
2 0.488974 0.437215 0.020908 0.027043
2 0.485124 0.382525 0.014524 0.016530
1 0.317946 0.364587 0.016956 0.020120
1 0.199892 0.379623 0.008714 0.013413
1 0.283270 0.488337 0.013338 0.017307
1 0.300986 0.584115 0.019204 0.029077
1 0.033698 0.726457 0.021392 0.022287
1 0.084248 0.813538 0.025196 0.033317
1 0.104372 0.869248 0.021712 0.026177
2 0.207908 0.955615 0.015848 0.022283
1 0.357120 0.823045 0.019966 0.026223
1 0.368052 0.907548 0.022438 0.028037
1 0.483416 0.832790 0.018728 0.024227
2 0.922900 0.929718 0.020442 0.026610
2 0.856824 0.654483 0.061060 0.082967
2 0.319806 0.808202 0.016224 0.021670
1 0.097668 0.949247 0.014548 0.020467
1 0.247896 0.842347 0.013606 0.018693
2 0.906196 0.064722 0.025568 0.032263
1 0.699700 0.883073 0.028068 0.033307
4 0.405276 0.636512 0.049682 0.066217