2 0.096928 0.453308 0.018834 0.020517
1 0.086982 0.489135 0.038726 0.043050
1 0.044592 0.574833 0.019134 0.024847
2 0.219760 0.340032 0.029686 0.034910
1 0.959964 0.972647 0.014390 0.017627
1 0.278656 0.096437 0.029900 0.039013
1 0.321260 0.086057 0.017488 0.021267
1 0.288270 0.197313 0.013814 0.018660
1 0.190206 0.298798 0.017930 0.021470
1 0.039598 0.975138 0.014980 0.019763
1 0.196152 0.959538 0.021330 0.023230
1 0.015092 0.599475 0.019300 0.029817
1 0.217862 0.748562 0.019046 0.033977
1 0.389804 0.975948 0.032588 0.045363
1 0.888648 0.917787 0.015660 0.020227
1 0.922824 0.932088 0.022222 0.023403
1 0.963772 0.916920 0.017354 0.023113
1 0.761520 0.868708 0.031740 0.030097
1 0.869306 0.777802 0.019468 0.030050
1 0.685708 0.689708 0.027934 0.041317
1 0.737026 0.664860 0.034916 0.043627
1 0.843046 0.633945 0.033226 0.041317
1 0.802732 0.573270 0.041054 0.062120
2 0.211822 0.261580 0.013226 0.016453
1 0.557684 0.659597 0.029710 0.040913
1 0.614640 0.444827 0.022396 0.025040
1 0.841182 0.347798 0.030726 0.039870
1 0.872798 0.311047 0.030474 0.041953
1 0.967518 0.295790 0.039106 0.050967
1 0.890492 0.197568 0.026940 0.033103
1 0.941130 0.192637 0.035634 0.043973
1 0.876654 0.170748 0.025472 0.021903
1 0.883388 0.144398 0.026450 0.024410
1 0.756700 0.224305 0.020696 0.027757
1 0.769792 0.427540 0.048270 0.055420
1 0.755528 0.033782 0.056882 0.066917
1 0.478958 0.363105 0.020950 0.023983
1 0.484568 0.203473 0.022432 0.028313
1 0.468908 0.159555 0.022010 0.029470
2 0.500438 0.376668 0.017348 0.024663
1 0.393754 0.420090 0.019104 0.022873
1 0.372558 0.539717 0.022166 0.031433
1 0.292038 0.571818 0.035024 0.047150
1 0.189960 0.557172 0.038266 0.048877
1 0.165810 0.458220 0.034704 0.044787
1 0.135126 0.478300 0.029626 0.041607