1 0.280852 0.376763 0.010572 0.014260
1 0.029530 0.457672 0.015530 0.020750
1 0.201798 0.487952 0.014978 0.018157
1 0.520900 0.726615 0.019714 0.024290
1 0.427110 0.664818 0.019038 0.023290
1 0.422762 0.683148 0.018708 0.019083
1 0.123354 0.728430 0.016324 0.019533
1 0.084472 0.764160 0.012434 0.015473
1 0.013272 0.772423 0.011994 0.015473
1 0.007770 0.910798 0.009794 0.014877
1 0.269362 0.734727 0.012380 0.014900
1 0.556884 0.991127 0.011622 0.014853
1 0.649430 0.927780 0.012746 0.013647
1 0.788708 0.952072 0.012226 0.016870
1 0.942536 0.828673 0.015358 0.018780
1 0.857834 0.855617 0.009628 0.013133
1 0.767514 0.871403 0.011464 0.018693
1 0.777480 0.872273 0.010762 0.018520
1 0.718400 0.593588 0.014966 0.017877
1 0.705802 0.598095 0.011994 0.016377
1 0.846944 0.749147 0.015132 0.015233
1 0.931780 0.663793 0.010268 0.013240
1 0.955190 0.495890 0.013450 0.017007
1 0.834136 0.582037 0.010078 0.013240
1 0.902020 0.594498 0.011980 0.012723
0 0.610894 0.874567 0.019104 0.022673
1 0.952210 0.079958 0.019006 0.027983
2 0.983886 0.080213 0.014782 0.019673
5 0.970414 0.111488 0.029158 0.040543
1 0.701980 0.384335 0.017304 0.020770
1 0.908752 0.166653 0.015844 0.020433
1 0.958996 0.286625 0.010454 0.012470
1 0.948714 0.402210 0.015844 0.019040
1 0.790490 0.378412 0.012202 0.014277
2 0.373500 0.141668 0.015054 0.019650
2 0.485744 0.173940 0.024034 0.025420
0 0.559422 0.065520 0.037458 0.046733
0 0.554574 0.038648 0.025862 0.028817
0 0.527098 0.032807 0.036700 0.047253
0 0.957936 0.892483 0.013948 0.017300
2 0.577194 0.481127 0.017342 0.023053
0 0.061956 0.509107 0.015624 0.021787
0 0.161656 0.969418 0.019966 0.024663
2 0.187880 0.825653 0.011568 0.015793
1 0.851630 0.513237 0.010078 0.014280
1 0.691236 0.048148 0.011186 0.012770
1 0.057214 0.020740 0.018064 0.022933
1 0.062996 0.108902 0.012518 0.017523
1 0.276200 0.152115 0.014138 0.018677
1 0.451688 0.252928 0.012544 0.014603
1 0.306944 0.174843 0.010454 0.015473
1 0.282244 0.264538 0.016048 0.018403
1 0.233818 0.311270 0.011386 0.014607