2 0.244616 0.613593 0.019396 0.025547
0 0.161358 0.034667 0.051916 0.056080
0 0.390744 0.424175 0.019394 0.017757
0 0.389604 0.443335 0.023958 0.022430
0 0.245400 0.680997 0.021678 0.031413
0 0.892862 0.477855 0.034000 0.038010
0 0.539642 0.056528 0.026812 0.044137
0 0.315680 0.245482 0.022058 0.024403
0 0.402580 0.205502 0.019778 0.030117
0 0.490544 0.225077 0.023770 0.028560
2 0.550194 0.226305 0.022454 0.025797
2 0.446828 0.300142 0.021634 0.023177
2 0.610434 0.302945 0.019716 0.026543
2 0.641926 0.315097 0.015882 0.017947
2 0.697510 0.332668 0.018618 0.025423
2 0.676288 0.405943 0.019988 0.025420
2 0.670402 0.493987 0.013142 0.015327
2 0.678752 0.536605 0.021084 0.025050
2 0.635490 0.522213 0.016154 0.023927
2 0.499264 0.514173 0.010954 0.014580
2 0.519114 0.445010 0.018894 0.023553
2 0.487078 0.565953 0.013964 0.017200
2 0.447100 0.627078 0.022180 0.020563
1 0.429714 0.535858 0.014238 0.021310
1 0.481904 0.828623 0.014832 0.017447
1 0.462964 0.812580 0.021220 0.027107
1 0.455206 0.754477 0.013006 0.016200
1 0.525716 0.731422 0.026240 0.031777
2 0.373746 0.860340 0.018028 0.025547
2 0.304832 0.869063 0.018938 0.021807
2 0.469694 0.886977 0.019624 0.025233
2 0.368676 0.763790 0.015402 0.017913
2 0.218146 0.681980 0.019852 0.026480
2 0.285804 0.612972 0.015972 0.019937
2 0.195354 0.444633 0.016656 0.015433
2 0.196990 0.483008 0.017548 0.017463
2 0.326374 0.533772 0.022902 0.021523
2 0.391362 0.505345 0.018442 0.021523
2 0.415454 0.411740 0.017250 0.019493
2 0.271496 0.375598 0.020820 0.017057
1 0.209036 0.330520 0.022010 0.024367
1 0.110734 0.403415 0.018740 0.019897
1 0.355820 0.259048 0.024686 0.030863
1 0.377978 0.240165 0.019036 0.028830
1 0.410844 0.278948 0.014572 0.017057
0 0.776930 0.513783 0.017352 0.025660
0 0.698544 0.460907 0.019624 0.022560