1 0.307106 0.276077 0.013628 0.018607
1 0.309484 0.156543 0.018064 0.021853
0 0.774996 0.537458 0.019714 0.020283
0 0.770502 0.516925 0.021368 0.024790
2 0.613584 0.395547 0.015372 0.017960
1 0.115058 0.984155 0.010394 0.011477
1 0.727144 0.127570 0.015848 0.020193
1 0.953922 0.412967 0.013830 0.017007
2 0.969760 0.487170 0.019808 0.023587
0 0.964524 0.454070 0.051724 0.074513
1 0.150218 0.893403 0.011386 0.014293
1 0.175684 0.723248 0.009246 0.010970
1 0.055192 0.652468 0.011186 0.013523
1 0.230012 0.493585 0.009780 0.013250
1 0.131356 0.478613 0.013908 0.016693
1 0.053982 0.380352 0.012564 0.015277
1 0.029084 0.330583 0.015040 0.020160
1 0.019580 0.085078 0.010088 0.011683
1 0.302298 0.240155 0.012986 0.016377
1 0.423254 0.193595 0.018074 0.021310
1 0.572326 0.206543 0.014122 0.017027
1 0.643360 0.304707 0.011622 0.012980
1 0.594302 0.380160 0.014658 0.018933
1 0.395384 0.411898 0.009572 0.013223
1 0.427668 0.614937 0.012280 0.016227
1 0.528618 0.937292 0.010298 0.013630
1 0.473394 0.891965 0.013310 0.015143
1 0.769548 0.864418 0.013536 0.016377
1 0.839316 0.936612 0.014856 0.018630
1 0.864680 0.873508 0.009902 0.014723
1 0.946440 0.798078 0.012148 0.013523
1 0.857414 0.666320 0.013074 0.016947
1 0.772464 0.564395 0.010344 0.013523
1 0.523444 0.545805 0.016276 0.017217
1 0.510376 0.524678 0.013984 0.018570
1 0.621296 0.469203 0.009708 0.011373
1 0.862150 0.419170 0.017386 0.019833
1 0.885754 0.370402 0.010344 0.012470
1 0.757756 0.303570 0.018188 0.017007
1 0.711636 0.310560 0.010622 0.012833
1 0.756064 0.250980 0.019280 0.022900
1 0.736520 0.170840 0.016904 0.023080
1 0.727740 0.097550 0.010962 0.015687