1 0.219468 0.251670 0.020534 0.024300
2 0.144488 0.291723 0.017304 0.018433
1 0.232586 0.077355 0.022246 0.025443
1 0.130020 0.272700 0.015974 0.018380
2 0.301516 0.143688 0.012548 0.017397
2 0.315302 0.141222 0.017304 0.020770
2 0.360654 0.106823 0.015594 0.018433
2 0.368450 0.161083 0.025100 0.024147
2 0.396594 0.056457 0.024720 0.027780
2 0.353466 0.254053 0.022058 0.029080
2 0.376380 0.275733 0.024532 0.027260
1 0.390450 0.238087 0.024910 0.030893
1 0.486572 0.307927 0.033848 0.031933
2 0.560638 0.252365 0.022246 0.030377
2 0.335212 0.383345 0.016546 0.017397
0 0.374002 0.406970 0.023770 0.028300
1 0.391116 0.445395 0.025672 0.029857
1 0.292504 0.198702 0.018826 0.020250
1 0.227604 0.024392 0.022630 0.024923
2 0.008628 0.320522 0.016884 0.018070
0 0.018782 0.250890 0.017568 0.019627
0 0.553988 0.500890 0.017746 0.022500
2 0.638394 0.441790 0.027270 0.043067
2 0.575964 0.531963 0.022674 0.026020
2 0.632112 0.577280 0.017432 0.016947
1 0.631782 0.592695 0.017300 0.014603
1 0.700418 0.516557 0.039554 0.051667
1 0.669584 0.569167 0.019396 0.025233
1 0.815506 0.493460 0.029206 0.032713
1 0.762454 0.525395 0.025786 0.024923
1 0.843688 0.447975 0.020764 0.024610
1 0.957094 0.541595 0.025328 0.025550
1 0.943564 0.329215 0.021678 0.029597
1 0.933408 0.198053 0.024644 0.028973
1 0.232662 0.368050 0.016320 0.013847
1 0.222046 0.379300 0.011250 0.016873
1 0.272276 0.374323 0.019490 0.028560
1 0.161910 0.423218 0.018066 0.025097
1 0.834610 0.345128 0.016924 0.024143
1 0.076578 0.375405 0.019808 0.024230
1 0.117382 0.565253 0.017430 0.021853
1 0.077426 0.784082 0.026412 0.031703
1 0.119408 0.778447 0.024978 0.036960
1 0.020424 0.988910 0.023770 0.022180
2 0.066752 0.972113 0.024868 0.028847
2 0.059150 0.842120 0.034020 0.037813
2 0.056308 0.751723 0.023200 0.026793
2 0.205552 0.836563 0.041734 0.049413
2 0.299174 0.846475 0.028522 0.034977
2 0.342354 0.932023 0.038296 0.041287
2 0.330534 0.968803 0.030502 0.035880
0 0.533628 0.958798 0.039482 0.043270
1 0.367502 0.789082 0.017744 0.023150
1 0.397862 0.752743 0.029572 0.033380
1 0.387414 0.703485 0.025234 0.036070
1 0.467260 0.694602 0.022476 0.031223
1 0.547304 0.746822 0.022474 0.033377
1 0.481456 0.865258 0.031150 0.040917
1 0.559020 0.774337 0.029854 0.036607
1 0.519850 0.700473 0.038602 0.050367
2 0.456624 0.647770 0.037270 0.039460
1 0.439174 0.778208 0.046824 0.061310
1 0.415352 0.875598 0.045728 0.067670
0 0.668990 0.836082 0.035324 0.041123
1 0.730738 0.827483 0.032310 0.038133
1 0.727314 0.775143 0.026560 0.042620
1 0.937470 0.715843 0.025328 0.031780
2 0.959946 0.709768 0.016884 0.021497
2 0.967020 0.747465 0.018710 0.022743
2 0.909656 0.628032 0.022050 0.026323
2 0.809870 0.746272 0.043164 0.043617
2 0.795278 0.614908 0.019168 0.026917
2 0.803492 0.517707 0.020264 0.029160
0 0.895220 0.539763 0.020264 0.028413
2 0.955052 0.258285 0.020156 0.024143
2 0.852992 0.128290 0.026946 0.027367
2 0.847242 0.029145 0.019384 0.023777
2 0.687714 0.136590 0.017088 0.021533
2 0.699050 0.157452 0.018730 0.024677
0 0.578218 0.085212 0.020764 0.025857
2 0.545246 0.050940 0.016430 0.016513
0 0.557682 0.025550 0.019852 0.024927
2 0.583126 0.018073 0.012778 0.017447
2 0.607198 0.011997 0.020308 0.023993
1 0.554534 0.105888 0.023008 0.029337
1 0.523824 0.106147 0.020918 0.019993
1 0.523444 0.128473 0.021296 0.023107
1 0.487618 0.146778 0.022248 0.024403
1 0.523842 0.191822 0.017496 0.020510
1 0.698648 0.012112 0.018222 0.024223
1 0.724714 0.117147 0.014262 0.019253
1 0.847160 0.181190 0.016546 0.021313
1 0.862468 0.304393 0.021678 0.026740
1 0.448930 0.436073 0.052026 0.061687
2 0.082468 0.048180 0.023000 0.023553
2 0.172692 0.083137 0.024368 0.028413
2 0.198156 0.168937 0.018892 0.018320
2 0.048948 0.631133 0.028066 0.028973
2 0.102456 0.658705 0.020538 0.021183
2 0.086940 0.634092 0.026470 0.034270
1 0.790232 0.946227 0.013144 0.021533
1 0.890120 0.952283 0.019714 0.024673
1 0.989518 0.827790 0.016102 0.024227