2 0.503836 0.946487 0.015212 0.017133
2 0.963116 0.411550 0.019990 0.024300
1 0.352614 0.642790 0.016320 0.013847
2 0.359584 0.625807 0.025196 0.019687
3 0.919434 0.508508 0.064402 0.074023
2 0.723000 0.447555 0.013074 0.015503
2 0.722472 0.431868 0.010960 0.015503
2 0.735544 0.438088 0.011752 0.019290
2 0.624976 0.451903 0.014262 0.017307
2 0.634562 0.435787 0.014102 0.016227
2 0.631726 0.506113 0.013604 0.021273
2 0.633112 0.570208 0.014790 0.017850
2 0.455946 0.478957 0.015334 0.020187
2 0.429932 0.488492 0.021358 0.025797
1 0.359852 0.391233 0.025862 0.033493
1 0.437148 0.424335 0.016924 0.020250
1 0.451410 0.427710 0.014642 0.021807
1 0.235168 0.457438 0.020538 0.021030
1 0.160628 0.411483 0.015974 0.014280
2 0.074718 0.916320 0.021296 0.022847
2 0.058364 0.839860 0.016734 0.019473
2 0.498986 0.984912 0.016924 0.020250
2 0.024708 0.811822 0.017114 0.021550
2 0.456296 0.842118 0.016734 0.020250
2 0.499652 0.890148 0.018254 0.020770
1 0.836966 0.160432 0.040524 0.046357
1 0.814376 0.196322 0.015608 0.020190
1 0.939566 0.368372 0.032586 0.045610