2 0.192294 0.062820 0.021124 0.024267
1 0.208212 0.222880 0.032412 0.041907
1 0.479234 0.079480 0.022754 0.026667
1 0.480522 0.186747 0.024472 0.031360
1 0.525534 0.492010 0.013090 0.021100
2 0.839754 0.176810 0.023178 0.032500
1 0.727706 0.288860 0.027822 0.047267
1 0.793696 0.248767 0.033692 0.046427
1 0.938974 0.282320 0.031220 0.037560
1 0.887128 0.452777 0.017392 0.019647
2 0.687142 0.570197 0.025406 0.032967
2 0.704134 0.463350 0.026832 0.043473
2 0.798044 0.483620 0.026832 0.033213
2 0.913950 0.912880 0.017706 0.021907
1 0.697314 0.634163 0.021738 0.030700
1 0.714830 0.683263 0.024472 0.029513
1 0.631284 0.701427 0.023292 0.024733
2 0.731878 0.847500 0.015024 0.016293
2 0.725484 0.964643 0.014306 0.019140
1 0.693146 0.862797 0.015786 0.019433
2 0.562250 0.840603 0.019228 0.021167
2 0.541308 0.865130 0.019082 0.027473
1 0.528182 0.796503 0.020084 0.025727
2 0.349638 0.731860 0.018486 0.023813
1 0.373564 0.762287 0.019228 0.026053
1 0.247168 0.994393 0.012598 0.011213
2 0.188764 0.932353 0.015196 0.026413
2 0.207956 0.972813 0.015454 0.021453
0 0.840788 0.023293 0.041988 0.042200
1 0.120848 0.397193 0.030600 0.034187
1 0.055468 0.534983 0.028438 0.034607
1 0.021314 0.413863 0.031220 0.032913
1 0.187302 0.597867 0.018238 0.024480
2 0.193638 0.620657 0.014218 0.022793
2 0.160560 0.982137 0.014936 0.023913
1 0.169060 0.834060 0.034000 0.044347
1 0.265654 0.805587 0.024726 0.036573
1 0.089980 0.894390 0.029882 0.033407
0 0.112326 0.735050 0.039322 0.049633
0 0.480244 0.965913 0.047872 0.068173
0 0.726284 0.196603 0.044512 0.055287
2 0.277426 0.166217 0.021376 0.025673