1 0.135866 0.407607 0.018826 0.022327
0 0.067344 0.359193 0.030230 0.032300
1 0.036518 0.159555 0.024874 0.034270
1 0.095846 0.101918 0.033542 0.039877
1 0.141300 0.262802 0.021448 0.028350
1 0.300518 0.246825 0.021868 0.030637
1 0.314780 0.266165 0.019584 0.024663
1 0.364980 0.211905 0.022246 0.020510
1 0.343874 0.270320 0.021868 0.028300
1 0.398646 0.142793 0.024874 0.028973
1 0.487448 0.303470 0.018816 0.025693
1 0.561960 0.337032 0.018072 0.021983
1 0.642136 0.462647 0.018730 0.021980
1 0.736274 0.464442 0.015772 0.026470
1 0.489166 0.582262 0.026924 0.028663
1 0.184316 0.635893 0.020346 0.028820
1 0.215312 0.671462 0.022630 0.034530
1 0.810356 0.448793 0.016428 0.024613
1 0.740076 0.108523 0.017270 0.020987
1 0.954150 0.263335 0.025290 0.025703
2 0.952630 0.709630 0.017740 0.023140
2 0.930520 0.976668 0.014746 0.021637
1 0.905812 0.900578 0.026240 0.026223
1 0.176558 0.436557 0.021108 0.027260
1 0.195630 0.843212 0.026240 0.032403
1 0.317938 0.867980 0.019394 0.031467
1 0.163834 0.963315 0.014306 0.016403
1 0.086024 0.885313 0.025770 0.031927
1 0.108488 0.681220 0.016048 0.018607
1 0.465352 0.083428 0.023138 0.027910
1 0.747332 0.394897 0.031216 0.033647
1 0.857134 0.382560 0.018618 0.020187
1 0.836872 0.453405 0.024094 0.025050
1 0.467078 0.959067 0.014896 0.021200
1 0.490140 0.781342 0.016954 0.023150
2 0.555002 0.993632 0.024446 0.012737
1 0.875372 0.673942 0.032334 0.038223
1 0.629918 0.722123 0.026418 0.033380
1 0.443056 0.074010 0.021526 0.024520
1 0.013922 0.132383 0.022010 0.028247