2 0.840140 0.110983 0.027094 0.023800
2 0.523874 0.870407 0.009620 0.013973
2 0.312750 0.414115 0.011408 0.011683
2 0.306332 0.409355 0.013152 0.014710
2 0.312988 0.400808 0.016006 0.014930
2 0.307126 0.394533 0.014104 0.015360
2 0.339372 0.380797 0.017432 0.022067
2 0.246702 0.351545 0.021358 0.017497
2 0.202672 0.229295 0.017414 0.025123
2 0.034436 0.231088 0.022670 0.034990
2 0.134818 0.145400 0.023000 0.019740
2 0.134982 0.031448 0.025958 0.026917
2 0.323096 0.029430 0.021688 0.024673
2 0.389470 0.127455 0.019058 0.023330
2 0.373698 0.063302 0.017744 0.014357
2 0.343798 0.113773 0.036802 0.044413
2 0.542264 0.164467 0.024316 0.029160
2 0.693818 0.035845 0.025988 0.026177
2 0.723608 0.006943 0.019016 0.013887
2 0.761162 0.019510 0.026938 0.026393
2 0.745722 0.470562 0.033006 0.038550
2 0.705084 0.527762 0.023696 0.027283
2 0.993078 0.384688 0.012232 0.013883
2 0.845980 0.568045 0.013934 0.013517
2 0.942058 0.578308 0.014668 0.022030
2 0.933074 0.641897 0.021636 0.024033
2 0.894000 0.670833 0.024904 0.032393
2 0.956456 0.792487 0.014440 0.019520
2 0.967658 0.801240 0.015622 0.019720
2 0.957784 0.817237 0.015620 0.024347
2 0.950414 0.805365 0.014440 0.018310
2 0.860312 0.950882 0.034484 0.032597
2 0.900174 0.935790 0.021662 0.028973
2 0.926408 0.857820 0.019012 0.028773
2 0.856480 0.893738 0.021812 0.022537
2 0.864144 0.871102 0.025054 0.028370
2 0.708868 0.754055 0.018570 0.018110
2 0.712404 0.771923 0.019632 0.019073
2 0.706656 0.787980 0.024406 0.022213
2 0.435674 0.701553 0.020162 0.022020
2 0.425168 0.722283 0.019524 0.021180
2 0.412736 0.522330 0.026350 0.033560
2 0.355526 0.499030 0.022990 0.028007
2 0.338018 0.488405 0.017686 0.028977
0 0.189954 0.559462 0.021370 0.024950
2 0.375308 0.842200 0.021746 0.017000
1 0.140532 0.218482 0.018394 0.029697
1 0.315430 0.238705 0.030052 0.030250
1 0.405708 0.111795 0.037436 0.037203
1 0.587536 0.100148 0.027248 0.030597
1 0.628636 0.390823 0.037180 0.046940
1 0.494764 0.582473 0.031782 0.037133
1 0.255560 0.684800 0.021136 0.026773
1 0.601274 0.777215 0.032570 0.041250
1 0.696918 0.807397 0.026970 0.030787
1 0.707352 0.664535 0.022106 0.028370
1 0.722604 0.657090 0.021368 0.026360
1 0.731596 0.676105 0.021662 0.021730
1 0.723564 0.694617 0.023284 0.030987
1 0.905776 0.749828 0.025788 0.035817
1 0.890206 0.810217 0.025818 0.027767
1 0.693470 0.555920 0.027412 0.027167
2 0.507354 0.386998 0.027198 0.034630
0 0.492684 0.359670 0.027810 0.035047
2 0.620874 0.760705 0.027256 0.029423
1 0.134300 0.432248 0.029106 0.027837
1 0.955198 0.369537 0.022636 0.028007
1 0.730314 0.610887 0.024754 0.029207