1 0.298018 0.466038 0.035324 0.050470
0 0.498880 0.602190 0.027612 0.033960
1 0.343336 0.599488 0.021360 0.023590
0 0.234218 0.483778 0.024916 0.037423
1 0.423702 0.383007 0.034226 0.037013
1 0.481342 0.297430 0.019714 0.033273
1 0.528712 0.297207 0.022454 0.023180
1 0.542130 0.332367 0.029026 0.035927
1 0.664006 0.336123 0.039156 0.047480
1 0.751080 0.322853 0.022728 0.038880
1 0.717128 0.406410 0.018894 0.028787
1 0.700424 0.412392 0.016158 0.031777
1 0.732188 0.472768 0.018344 0.026917
1 0.684680 0.563990 0.017524 0.020187
1 0.780654 0.609227 0.022728 0.028413
1 0.228816 0.138410 0.033144 0.034073
1 0.257652 0.710047 0.026706 0.032353
1 0.290378 0.808908 0.030468 0.033897
1 0.389870 0.952708 0.033104 0.041083
1 0.315360 0.868760 0.021296 0.019993
1 0.318498 0.891217 0.032518 0.027520