1 0.816304 0.551962 0.025750 0.034257
2 0.534418 0.262555 0.022342 0.021850
2 0.806590 0.491370 0.020284 0.027260
2 0.764360 0.583427 0.028046 0.033100
2 0.706680 0.570122 0.030898 0.034183
2 0.704688 0.668582 0.018250 0.019283
2 0.581462 0.620540 0.028522 0.036607
2 0.603518 0.640530 0.019776 0.027780
2 0.615312 0.269262 0.032010 0.035697
2 0.309848 0.167965 0.022186 0.025530
4 0.209672 0.625355 0.023840 0.040170
1 0.620256 0.789612 0.017058 0.019683
1 0.652772 0.777517 0.023768 0.028247
1 0.955850 0.942703 0.016140 0.019407
1 0.967450 0.927992 0.013112 0.017030
1 0.321238 0.864090 0.036318 0.046213
1 0.255158 0.967678 0.023580 0.025443
1 0.043524 0.287617 0.013978 0.019833
2 0.005158 0.132833 0.010318 0.020240
2 0.453000 0.065378 0.026822 0.026190
2 0.190136 0.995510 0.016796 0.008980
1 0.218560 0.546730 0.018008 0.021040
2 0.511800 0.731575 0.040342 0.054003
2 0.364212 0.272775 0.038222 0.054003
2 0.285058 0.410627 0.011922 0.015233
1 0.327500 0.556700 0.017880 0.018407
1 0.332178 0.540798 0.017148 0.015650
1 0.355232 0.468683 0.019258 0.020033
1 0.368070 0.455598 0.012840 0.014650
1 0.374212 0.443955 0.011922 0.014397
1 0.392828 0.447460 0.010638 0.016400
1 0.401906 0.443892 0.011372 0.016777
1 0.424466 0.432062 0.017608 0.015650
1 0.423548 0.448273 0.015588 0.017780
1 0.580596 0.484333 0.029448 0.048680
1 0.645894 0.554738 0.018488 0.030110
1 0.725362 0.609692 0.025750 0.031910
1 0.380886 0.048778 0.022658 0.031803
1 0.912156 0.569038 0.029948 0.042403
1 0.969282 0.507918 0.034860 0.045217
1 0.961990 0.429275 0.025036 0.038077
1 0.620860 0.058588 0.047918 0.061530
2 0.678952 0.052745 0.051534 0.056597
1 0.975412 0.037463 0.026938 0.035700
1 0.941662 0.192630 0.032962 0.043487
1 0.485468 0.141377 0.025512 0.034400
1 0.424462 0.115955 0.029948 0.038077
1 0.856718 0.532748 0.025100 0.032090
1 0.638120 0.661675 0.022050 0.026683
2 0.345706 0.970653 0.024402 0.028127
2 0.354038 0.375065 0.024340 0.029597
2 0.078812 0.775585 0.060660 0.078143
0 0.629950 0.892088 0.083972 0.134277
0 0.238918 0.165520 0.038884 0.052340
2 0.893660 0.787907 0.032858 0.034893
2 0.449656 0.682608 0.018156 0.018330
2 0.326708 0.666808 0.024720 0.029210
1 0.190524 0.925663 0.027510 0.028047