2 0.552900 0.119572 0.021866 0.025963
1 0.034698 0.325487 0.018928 0.027133
1 0.547746 0.175158 0.029810 0.031657
1 0.684644 0.467632 0.025098 0.033950
2 0.242322 0.909902 0.038248 0.038223
1 0.762638 0.022213 0.038792 0.032453
2 0.297962 0.156050 0.033654 0.028040
2 0.048616 0.116223 0.013500 0.015320
2 0.482828 0.138137 0.025480 0.023627
0 0.751540 0.353423 0.044688 0.047813
2 0.637386 0.896853 0.039170 0.045953
1 0.033342 0.841807 0.030362 0.039853
1 0.188578 0.591027 0.024314 0.028713
1 0.485960 0.489395 0.035882 0.033377
1 0.723272 0.564758 0.016796 0.022070
1 0.646512 0.280252 0.019396 0.024663