1 0.743414 0.561858 0.019988 0.024677
4 0.829608 0.171545 0.078914 0.074510
1 0.677562 0.437550 0.018072 0.019067
1 0.662364 0.431383 0.012322 0.019440
1 0.649494 0.436990 0.015058 0.014953
1 0.646892 0.456805 0.021358 0.022430
1 0.658394 0.513258 0.015332 0.016450
1 0.601440 0.492322 0.021906 0.026170
1 0.663048 0.346705 0.020262 0.021310
1 0.265352 0.654575 0.027272 0.026917
1 0.224936 0.663995 0.028588 0.031403
1 0.271102 0.589748 0.026286 0.030957
1 0.294668 0.054598 0.034068 0.041757
1 0.907122 0.746687 0.036282 0.046420
4 0.831910 0.724048 0.105278 0.127050