1 0.555034 0.902455 0.014790 0.014963
5 0.182732 0.093123 0.028066 0.038320
1 0.311998 0.110415 0.012778 0.017443
1 0.331524 0.037860 0.010960 0.016407
1 0.336542 0.052283 0.015450 0.015327
2 0.269900 0.033570 0.019966 0.024880
2 0.059072 0.144583 0.014450 0.025987
1 0.132280 0.190680 0.020538 0.028820
0 0.083220 0.207815 0.036508 0.052183
1 0.056428 0.295412 0.044358 0.059443
1 0.156784 0.271858 0.039704 0.060190
2 0.209766 0.333545 0.020808 0.030283
2 0.219488 0.430000 0.016704 0.019813
2 0.065108 0.555690 0.024370 0.029160
2 0.152108 0.678707 0.018254 0.020873
2 0.058768 0.892413 0.015022 0.018433
2 0.172178 0.970048 0.017270 0.023150
2 0.887978 0.737153 0.024644 0.025233
2 0.896762 0.707243 0.019854 0.023367
2 0.925284 0.726248 0.015744 0.017757
2 0.916158 0.744630 0.017114 0.018380
2 0.794422 0.673598 0.017342 0.020250
2 0.855004 0.663628 0.017568 0.020250
2 0.833328 0.618142 0.018940 0.022743
2 0.787624 0.488493 0.014642 0.022847
2 0.695874 0.513027 0.023580 0.021547
1 0.813294 0.443317 0.054956 0.063867
2 0.973022 0.531200 0.025672 0.025700
2 0.975018 0.485767 0.045638 0.058413
2 0.911074 0.360163 0.016430 0.017200
2 0.696508 0.326360 0.025988 0.022933
2 0.590070 0.309527 0.010618 0.014493
2 0.510682 0.229607 0.018540 0.022500
2 0.418156 0.362757 0.017496 0.018433
2 0.450862 0.396767 0.030806 0.041800
2 0.407316 0.322255 0.017114 0.016357
2 0.330020 0.333940 0.040502 0.046993
2 0.790856 0.134122 0.040088 0.048003
2 0.644144 0.072213 0.012158 0.016600
2 0.577934 0.088812 0.021030 0.019290
2 0.463522 0.184413 0.035486 0.045760
2 0.497858 0.102540 0.040416 0.051593
2 0.524638 0.162657 0.037458 0.042620
2 0.404234 0.520323 0.022454 0.024673
2 0.432436 0.629302 0.021358 0.021310
2 0.334820 0.511725 0.016154 0.016450
1 0.283680 0.616528 0.027510 0.028097
1 0.306678 0.581072 0.014746 0.019383
1 0.327200 0.577465 0.018596 0.023890
1 0.336554 0.544787 0.021238 0.023740
1 0.264560 0.488318 0.010932 0.012763
1 0.409726 0.711552 0.019334 0.023150
1 0.378118 0.789070 0.021348 0.023440
1 0.306772 0.742685 0.019258 0.018657
1 0.155302 0.873490 0.016956 0.016440
1 0.573520 0.932745 0.018750 0.015683
2 0.550610 0.913993 0.012544 0.012440
2 0.556472 0.839307 0.009170 0.012207
2 0.625594 0.674303 0.022436 0.025700