2 0.695214 0.680440 0.020292 0.025560
2 0.606478 0.513443 0.019682 0.021500
2 0.720056 0.434710 0.020268 0.030060
2 0.737288 0.217997 0.010122 0.018660
2 0.728074 0.218137 0.012964 0.029447
2 0.679468 0.231787 0.017060 0.025680
2 0.628466 0.317860 0.018956 0.028467
2 0.590486 0.337967 0.028140 0.038813
2 0.549150 0.324430 0.018956 0.035233
0 0.501402 0.393307 0.034550 0.038027
0 0.627854 0.355643 0.026538 0.029860
0 0.667876 0.315033 0.020556 0.033440
1 0.692662 0.322003 0.018222 0.027073
1 0.672468 0.371867 0.018950 0.023693
1 0.568382 0.475917 0.016480 0.023887
1 0.607166 0.580020 0.017934 0.020680
1 0.604030 0.544893 0.017496 0.020507
1 0.628016 0.539720 0.022016 0.030853
1 0.688256 0.642910 0.018388 0.031993
1 0.686116 0.502733 0.033256 0.039213
1 0.713074 0.501187 0.018140 0.021667
1 0.786640 0.542640 0.023682 0.024080
1 0.774422 0.590107 0.020914 0.027520
2 0.875070 0.601977 0.023178 0.033367
2 0.870534 0.493447 0.023178 0.032333
2 0.807346 0.307230 0.023764 0.024687
2 0.918592 0.284737 0.017642 0.027873
2 0.938850 0.179343 0.017534 0.024767
2 0.826834 0.030120 0.026304 0.031787
2 0.684150 0.099103 0.023682 0.036807
2 0.627464 0.074163 0.024184 0.034393
2 0.536008 0.070380 0.015620 0.018573
2 0.522276 0.059373 0.019902 0.030960
2 0.424294 0.100190 0.013266 0.018247
2 0.400752 0.076277 0.016202 0.027927
2 0.375848 0.057613 0.020250 0.029587
2 0.257054 0.120233 0.014908 0.017773
2 0.396906 0.268063 0.013296 0.026513
2 0.377752 0.264477 0.020122 0.038940
2 0.339522 0.329930 0.018194 0.029380
2 0.319052 0.361940 0.026944 0.033680
2 0.238432 0.334020 0.012744 0.016707
2 0.219366 0.278583 0.020156 0.031247
2 0.172234 0.282883 0.024986 0.036980
2 0.086464 0.355977 0.023516 0.026087
2 0.067466 0.301947 0.022880 0.037267
2 0.091608 0.231400 0.017846 0.024080
2 0.025540 0.061967 0.024400 0.033173
2 0.149126 0.087140 0.020566 0.022640
2 0.151084 0.115220 0.023320 0.025040
0 0.156594 0.099940 0.019682 0.020240
0 0.314712 0.261470 0.017500 0.020540
0 0.302202 0.282253 0.016270 0.016720
0 0.302028 0.305303 0.019770 0.024127
1 0.315412 0.323340 0.018198 0.020067
1 0.328736 0.492830 0.032500 0.031300
1 0.040386 0.370713 0.016124 0.019613
1 0.100652 0.775550 0.016880 0.023393
1 0.124968 0.240020 0.012768 0.022453
1 0.179434 0.329950 0.022256 0.030673
1 0.203370 0.327657 0.015538 0.023793
1 0.241264 0.410930 0.027080 0.040700
1 0.242104 0.304150 0.023300 0.031820
1 0.224362 0.183300 0.028130 0.032680
1 0.068654 0.454097 0.036528 0.038180
1 0.019024 0.455643 0.018896 0.031647
1 0.004660 0.524613 0.009322 0.034053
1 0.006678 0.587217 0.012846 0.031300
1 0.146252 0.543533 0.025444 0.025800
1 0.154568 0.565547 0.015366 0.020293
1 0.148394 0.616627 0.030234 0.022013
1 0.156330 0.504143 0.021412 0.031647
1 0.199162 0.556777 0.011840 0.019260
1 0.196768 0.590657 0.037792 0.049193
1 0.268824 0.575693 0.026202 0.035773
1 0.263154 0.505007 0.019404 0.030613
1 0.181902 0.648103 0.017134 0.025113
1 0.215286 0.680437 0.027964 0.033367
1 0.199916 0.716383 0.018388 0.026833
1 0.111484 0.681987 0.036534 0.046787
1 0.068276 0.725670 0.037792 0.031647
1 0.249926 0.743560 0.024688 0.037840
1 0.283814 0.731690 0.014864 0.023047
1 0.335840 0.687317 0.019150 0.031300
1 0.366072 0.675967 0.032250 0.035427
1 0.345664 0.628497 0.020156 0.028553
1 0.376906 0.779850 0.030230 0.041620
1 0.426160 0.731347 0.021918 0.042307
1 0.347680 0.870143 0.026202 0.038527
1 0.284568 0.852947 0.020914 0.029587
1 0.251940 0.837813 0.015620 0.024080
1 0.244384 0.892503 0.021670 0.019953
1 0.237708 0.917617 0.021918 0.024767
1 0.268066 0.914177 0.017636 0.023393
1 0.301700 0.927763 0.016376 0.024420
1 0.382194 0.951157 0.018140 0.023047
1 0.376780 0.986240 0.023930 0.016853
1 0.190342 0.871523 0.017382 0.023393
1 0.162884 0.890097 0.019400 0.029580
1 0.161494 0.861203 0.018642 0.022700
1 0.025952 0.838673 0.023682 0.027173
0 0.041318 0.176370 0.043232 0.047473
0 0.142600 0.227760 0.026910 0.040453
0 0.252498 0.220577 0.038696 0.055727
0 0.436646 0.293920 0.057734 0.117813
0 0.491442 0.312550 0.039262 0.058767
0 0.522026 0.535367 0.030234 0.042520
0 0.490856 0.570167 0.021626 0.030960
0 0.607168 0.846703 0.057110 0.084847
0 0.578174 0.712023 0.038868 0.050500
0 0.652978 0.605970 0.021836 0.030673
0 0.734024 0.609983 0.023096 0.040993
0 0.964804 0.258350 0.057032 0.077273
0 0.332402 0.990213 0.030234 0.019573
0 0.598356 0.982283 0.033940 0.033060
0 0.384310 0.618910 0.022016 0.035233
1 0.785808 0.762970 0.024322 0.032727
1 0.805318 0.757000 0.019248 0.025080
1 0.818350 0.706717 0.016622 0.024367
1 0.860344 0.689037 0.013472 0.023407
1 0.902420 0.719257 0.019946 0.029380
2 0.920242 0.693060 0.022310 0.030053
2 0.942692 0.687187 0.014146 0.018707
1 0.914700 0.634833 0.022310 0.025880
1 0.902234 0.607663 0.026246 0.024087
1 0.877576 0.561403 0.037270 0.044433
1 0.967768 0.532737 0.026944 0.035353
1 0.856394 0.460313 0.021138 0.028267
1 0.875590 0.287210 0.017636 0.026087
1 0.875380 0.257683 0.020996 0.030100
1 0.918002 0.214830 0.014698 0.018913
1 0.914748 0.197060 0.023726 0.016627
1 0.877060 0.195197 0.022256 0.019207
1 0.994424 0.173840 0.010498 0.020067
1 0.991694 0.150477 0.015538 0.023220
1 0.846408 0.143310 0.012592 0.019207
1 0.815336 0.107620 0.025196 0.028667
1 0.700236 0.172510 0.018198 0.024607
1 0.710252 0.206413 0.023814 0.015093
1 0.745546 0.236107 0.015186 0.021067
1 0.653464 0.251780 0.019526 0.026080
1 0.686844 0.266110 0.016166 0.020353
1 0.718232 0.298647 0.020576 0.023507
1 0.575358 0.238740 0.013648 0.018347
1 0.619976 0.166500 0.015958 0.024653
1 0.543240 0.145860 0.018686 0.024080
1 0.597510 0.060727 0.014278 0.021213
1 0.511116 0.086523 0.022466 0.022353
1 0.390812 0.127630 0.019526 0.028953
1 0.430600 0.160167 0.015118 0.018920
1 0.443616 0.216063 0.023510 0.028660
1 0.351446 0.177940 0.014278 0.018920
1 0.324780 0.157740 0.017626 0.024387
1 0.276206 0.041770 0.014580 0.027367
1 0.203506 0.032143 0.014698 0.021500
1 0.156782 0.055007 0.023574 0.025213
1 0.062718 0.068743 0.018374 0.026513
1 0.036526 0.267727 0.020298 0.028667
2 0.687692 0.714597 0.016098 0.019353
2 0.719096 0.687843 0.015224 0.029860
2 0.733270 0.690113 0.013120 0.027707
0 0.834598 0.795640 0.025366 0.031253
2 0.803342 0.918003 0.023970 0.026753
2 0.884874 0.895787 0.022920 0.030093
2 0.903682 0.851117 0.014698 0.029620
2 0.861428 0.858643 0.018022 0.021260
1 0.849616 0.833557 0.017496 0.018393
1 0.960058 0.886140 0.016504 0.025293
1 0.994842 0.938643 0.010572 0.020740
2 0.972060 0.930847 0.024542 0.029360
2 0.970966 0.950007 0.017978 0.019240
2 0.959730 0.955813 0.022964 0.013933
1 0.890566 0.802103 0.029932 0.035087
1 0.846574 0.990380 0.017740 0.019240
1 0.828046 0.994447 0.015186 0.011107
1 0.699082 0.970390 0.036220 0.032247
1 0.670476 0.934797 0.020992 0.027953
2 0.726290 0.942323 0.018194 0.026753
2 0.573150 0.951803 0.014874 0.015327
1 0.518694 0.925430 0.020268 0.029060
1 0.468786 0.834000 0.020122 0.025080
1 0.572814 0.812997 0.011518 0.012140
2 0.582436 0.759447 0.030468 0.028467
2 0.505088 0.755070 0.023038 0.027273
2 0.450560 0.729687 0.015162 0.017920
2 0.291146 0.878800 0.020650 0.031053
2 0.237696 0.813950 0.024668 0.029860
2 0.177070 0.853947 0.016094 0.022907
2 0.209642 0.986023 0.025660 0.026273
2 0.085130 0.827727 0.021870 0.028867
2 0.418658 0.580490 0.016972 0.023407
2 0.392492 0.465910 0.020366 0.023220
2 0.338010 0.458170 0.019312 0.027233
2 0.437106 0.402993 0.013608 0.016920
1 0.423376 0.406393 0.017984 0.032680
1 0.496182 0.472153 0.019034 0.025293
1 0.479500 0.600033 0.022476 0.020573
1 0.683638 0.749987 0.020606 0.029893
1 0.717768 0.735217 0.019834 0.022860