1 0.565964 0.934020 0.012544 0.016947
2 0.553386 0.964522 0.011018 0.011303
2 0.229242 0.731553 0.017684 0.022327
2 0.238654 0.754790 0.019016 0.028300
1 0.129874 0.290418 0.012014 0.015023
1 0.144500 0.325663 0.011736 0.014900
1 0.136018 0.299057 0.009996 0.013020
1 0.142208 0.282092 0.015222 0.020410
1 0.488068 0.232590 0.011092 0.012980
1 0.537574 0.403132 0.018636 0.025963
1 0.542856 0.553202 0.010124 0.015143
1 0.532390 0.643313 0.013946 0.016227
1 0.586832 0.643015 0.011096 0.015650
1 0.677798 0.746857 0.018354 0.024340
1 0.710084 0.736582 0.020070 0.022537
1 0.629916 0.572785 0.014922 0.017130
1 0.677866 0.372765 0.013848 0.016403
1 0.657536 0.225583 0.011146 0.011833
1 0.641882 0.126433 0.013206 0.015867
1 0.793532 0.071755 0.014262 0.015363
1 0.742824 0.235532 0.012676 0.014063
1 0.893842 0.313953 0.011442 0.015327
1 0.915696 0.595695 0.014902 0.015043
1 0.833014 0.976765 0.021106 0.025183
1 0.598978 0.877860 0.019678 0.016767
2 0.813258 0.481705 0.009582 0.012630
4 0.381266 0.084498 0.051184 0.062310
2 0.545776 0.959610 0.011844 0.014867
1 0.488370 0.867588 0.014414 0.018483
1 0.459990 0.850760 0.017938 0.022087
1 0.273344 0.955042 0.010440 0.011357
1 0.130526 0.956312 0.017698 0.018530
1 0.054000 0.894842 0.017042 0.017943
1 0.133702 0.792963 0.012200 0.018173
1 0.010488 0.660013 0.013220 0.016067
1 0.333278 0.639435 0.012736 0.013477
1 0.232598 0.498292 0.012202 0.017523
1 0.134836 0.334802 0.013664 0.014650
2 0.552334 0.951090 0.014648 0.011913