0 0.412166 0.809063 0.024986 0.030140
0 0.057634 0.921188 0.040568 0.049530
0 0.887048 0.183480 0.017774 0.027080
0 0.874814 0.194032 0.024730 0.029897
0 0.901602 0.200890 0.025244 0.032353
0 0.895162 0.222167 0.026274 0.029893
0 0.704428 0.257582 0.025756 0.029603
0 0.452662 0.012452 0.034278 0.024903
0 0.045286 0.115677 0.022410 0.027080
0 0.139158 0.725858 0.020124 0.025103
2 0.738140 0.050505 0.021646 0.022957
2 0.577116 0.093697 0.014610 0.025847
2 0.566832 0.094408 0.013714 0.025237
2 0.549526 0.316483 0.016668 0.017527
2 0.555942 0.323903 0.013354 0.016820
2 0.561584 0.313020 0.015322 0.021060
0 0.858558 0.401212 0.022410 0.026023
2 0.968544 0.384803 0.017016 0.015773
2 0.674442 0.622268 0.022360 0.028083
2 0.677912 0.570748 0.013560 0.012430
2 0.113396 0.792067 0.053784 0.043553
2 0.069642 0.872842 0.030982 0.032090
2 0.402308 0.546600 0.024112 0.026333
1 0.009842 0.584618 0.018288 0.023563
1 0.153060 0.605192 0.028078 0.035170
1 0.169030 0.587958 0.024986 0.035170
1 0.178948 0.660933 0.031426 0.035520
1 0.280694 0.689245 0.023696 0.031650
1 0.389652 0.662692 0.030910 0.034817
1 0.269102 0.779805 0.018548 0.033410
1 0.137038 0.990703 0.017352 0.018593
1 0.027346 0.456668 0.027260 0.034290
1 0.014370 0.491073 0.028740 0.035753
1 0.256146 0.131495 0.019782 0.028277
1 0.312402 0.205772 0.020400 0.029963
1 0.414456 0.245322 0.032546 0.041383
1 0.486684 0.110312 0.029192 0.033117
1 0.547002 0.073238 0.025756 0.028137
1 0.647244 0.070013 0.024470 0.028720
1 0.838488 0.084478 0.027278 0.032563
1 0.957248 0.302003 0.039056 0.042333
1 0.771874 0.579993 0.034772 0.045427
1 0.628006 0.642075 0.025938 0.027843
1 0.543090 0.560283 0.028442 0.036633
1 0.651646 0.778727 0.019532 0.024620
1 0.656260 0.798363 0.024040 0.022860
1 0.560632 0.842030 0.026832 0.032240
1 0.631790 0.920868 0.029622 0.033410
1 0.699508 0.976583 0.026956 0.029513
1 0.813266 0.961522 0.029216 0.031343
1 0.834982 0.906418 0.042288 0.042790
1 0.768404 0.792572 0.026016 0.030243
1 0.328732 0.436557 0.022666 0.027433
1 0.111490 0.741460 0.012910 0.020347
1 0.319438 0.782997 0.034304 0.047913
1 0.304650 0.903052 0.034698 0.048990
1 0.507080 0.882140 0.044634 0.061687
1 0.459476 0.249718 0.042404 0.052963
1 0.269296 0.432543 0.046004 0.062060