1 0.508748 0.982612 0.022054 0.031550
2 0.121220 0.944838 0.013864 0.018750
1 0.041268 0.859413 0.021348 0.030800
2 0.081806 0.724673 0.026192 0.040867
1 0.048140 0.710520 0.020284 0.026827
1 0.016290 0.737023 0.018382 0.025313
1 0.358608 0.722882 0.021922 0.034437
2 0.337214 0.695567 0.024296 0.036420
1 0.200384 0.447502 0.021918 0.032090
1 0.335696 0.326218 0.021128 0.028303
1 0.387166 0.207407 0.032172 0.044240
1 0.310954 0.237782 0.034456 0.058883
2 0.337766 0.126270 0.022558 0.031553
1 0.275744 0.217575 0.026542 0.038943
1 0.120252 0.194015 0.041834 0.051143
1 0.694648 0.382137 0.029476 0.035827
2 0.652446 0.475843 0.016320 0.021633
1 0.735544 0.623755 0.023506 0.026503
1 0.769680 0.636285 0.024956 0.034977
1 0.745810 0.537482 0.039458 0.048463
1 0.917170 0.584647 0.013152 0.018820
1 0.930480 0.585188 0.015372 0.020337
1 0.950422 0.943517 0.029856 0.035827
2 0.862192 0.894968 0.028332 0.034270
1 0.685188 0.816778 0.013296 0.016903
1 0.613522 0.812647 0.021826 0.025667
1 0.857044 0.297688 0.013374 0.021823
1 0.845166 0.299950 0.010888 0.020607
1 0.540710 0.596157 0.029476 0.032713
1 0.630974 0.110057 0.039296 0.041540
1 0.603164 0.046450 0.030898 0.040240
1 0.717256 0.084853 0.035336 0.038727
1 0.722408 0.040285 0.036762 0.048677
1 0.852436 0.071993 0.027002 0.031413
2 0.796036 0.081158 0.023010 0.034270
2 0.907084 0.080118 0.030996 0.043097
1 0.878372 0.050782 0.029476 0.042057
1 0.796640 0.756932 0.027972 0.036883
0 0.695904 0.838347 0.026556 0.028953
0 0.720676 0.828563 0.025284 0.039300
1 0.922320 0.603362 0.019016 0.019470
1 0.642266 0.843843 0.021358 0.030507
1 0.590678 0.720695 0.029902 0.047103
1 0.516076 0.935645 0.023770 0.034257
2 0.482998 0.988917 0.028126 0.022167