2 0.197248 0.691423 0.014410 0.022727
2 0.203384 0.790510 0.026708 0.032647
2 0.578442 0.491437 0.029376 0.033420
0 0.163010 0.373497 0.031752 0.051287
2 0.387090 0.516563 0.026650 0.034193
1 0.350420 0.503990 0.033808 0.037367
1 0.339150 0.564190 0.023790 0.034193
1 0.371718 0.668170 0.025586 0.032567
2 0.251932 0.609503 0.023354 0.036633
1 0.214034 0.578550 0.026582 0.032060
2 0.308972 0.880927 0.018218 0.025867
1 0.139206 0.978920 0.025278 0.026027
1 0.397434 0.958290 0.020620 0.026967
1 0.450324 0.858807 0.022358 0.028973
1 0.155820 0.495387 0.021924 0.024240
1 0.193146 0.441227 0.025152 0.033640
1 0.012260 0.351317 0.021650 0.026740
1 0.053166 0.258150 0.029438 0.049353
1 0.162670 0.140543 0.030654 0.042553
2 0.202598 0.190307 0.021376 0.034467
2 0.148316 0.073587 0.019668 0.023040
2 0.149764 0.052810 0.018218 0.022473
2 0.247876 0.251893 0.030332 0.037880
2 0.329034 0.209210 0.019150 0.031380
1 0.334410 0.040940 0.031338 0.039267
1 0.439804 0.093257 0.033486 0.036633
1 0.517938 0.031270 0.036918 0.048647
2 0.536826 0.153333 0.026622 0.034293
2 0.625442 0.041143 0.030112 0.044167
0 0.693488 0.018043 0.026978 0.034193
1 0.745364 0.071263 0.031158 0.038873
1 0.804766 0.075030 0.028028 0.037860
1 0.838082 0.058850 0.026386 0.036833
1 0.914924 0.116650 0.038754 0.038873
1 0.648232 0.303123 0.031124 0.038687
1 0.547902 0.436873 0.035776 0.048600
1 0.707586 0.498247 0.023432 0.031507
2 0.840144 0.671763 0.023482 0.034433
2 0.954974 0.887990 0.016646 0.023740
2 0.771140 0.984240 0.021860 0.024933
2 0.624062 0.711357 0.021738 0.026953
1 0.689028 0.718237 0.018506 0.032900
1 0.654372 0.785467 0.015776 0.020520
1 0.493902 0.620820 0.016826 0.024267
1 0.417736 0.685777 0.021948 0.030807
2 0.454800 0.646180 0.015528 0.021760