1 0.114692 0.815043 0.026616 0.031853
1 0.092580 0.311685 0.024974 0.039030
1 0.069908 0.403653 0.030230 0.040827
1 0.211856 0.343537 0.032202 0.045313
2 0.757850 0.419768 0.013112 0.017030
2 0.774264 0.429220 0.014030 0.021660
2 0.679606 0.346727 0.016480 0.020120
2 0.662568 0.145805 0.013500 0.020770
1 0.773426 0.628632 0.025740 0.039257
1 0.951274 0.622650 0.027654 0.033273
1 0.945660 0.686018 0.017524 0.032150
1 0.889404 0.111145 0.031374 0.039723
1 0.804310 0.047668 0.028144 0.041537
1 0.463052 0.136077 0.024916 0.035140
1 0.389122 0.018503 0.030396 0.037007
1 0.165788 0.745730 0.019714 0.026920
1 0.071320 0.683595 0.022014 0.030957
2 0.279102 0.129767 0.012028 0.015627
1 0.762476 0.078133 0.040142 0.046473
1 0.747082 0.158227 0.038220 0.045693
0 0.218820 0.478080 0.048300 0.068640
0 0.911166 0.025293 0.032644 0.039807
1 0.610638 0.786887 0.033516 0.061373
1 0.791816 0.467167 0.020156 0.032193
1 0.808454 0.467037 0.017304 0.027780
1 0.778410 0.405765 0.023388 0.028817
1 0.738954 0.447175 0.026242 0.037903
1 0.680578 0.467035 0.024338 0.025183
1 0.597128 0.300255 0.016242 0.023257
1 0.612908 0.284568 0.023770 0.038043
1 0.942034 0.306032 0.035816 0.051590
1 0.109758 0.087052 0.023958 0.038163
1 0.286534 0.502393 0.026982 0.033747
1 0.283690 0.578337 0.032326 0.045953
1 0.371086 0.948733 0.038116 0.048900
1 0.342664 0.869552 0.029900 0.039477
1 0.280068 0.788125 0.023658 0.039030
1 0.306192 0.764348 0.021358 0.039030
1 0.323488 0.147407 0.027740 0.038920
1 0.223482 0.178492 0.018692 0.032217
1 0.065888 0.152792 0.021788 0.026863
1 0.078028 0.064040 0.023200 0.029800
1 0.519008 0.525477 0.022502 0.030073
1 0.578628 0.357305 0.015864 0.021910
1 0.602884 0.121008 0.037502 0.043270
2 0.014310 0.916882 0.020374 0.024677