2 0.836856 0.511043 0.048530 0.061153
4 0.866620 0.837128 0.062292 0.080377
1 0.901146 0.885760 0.018764 0.025240
1 0.864574 0.919835 0.020070 0.019110
0 0.164122 0.787218 0.029570 0.047477
1 0.270774 0.876945 0.021084 0.031030
0 0.029310 0.969593 0.038506 0.059067
4 0.055138 0.937790 0.036922 0.052140
2 0.261710 0.719402 0.033132 0.040750
2 0.082560 0.429062 0.017332 0.019030
2 0.201644 0.238640 0.022282 0.028800
2 0.187090 0.075668 0.021016 0.028277
1 0.029530 0.051698 0.019714 0.024163
1 0.261242 0.148158 0.029270 0.032303
1 0.317034 0.232218 0.042036 0.050783
1 0.470284 0.108067 0.014790 0.020913
1 0.418958 0.714400 0.023808 0.031660
1 0.454406 0.349135 0.024968 0.032903
1 0.621800 0.169718 0.020808 0.023743
1 0.597786 0.145055 0.024742 0.027277
1 0.828028 0.139105 0.020910 0.025863
1 0.849350 0.382412 0.015920 0.027597
1 0.889860 0.266082 0.024534 0.028410
2 0.862480 0.333665 0.015960 0.022497
2 0.888444 0.343677 0.016478 0.022967
1 0.833270 0.666168 0.033094 0.034597
2 0.825744 0.712572 0.027278 0.030937
2 0.581980 0.705132 0.048296 0.059497
2 0.689230 0.653115 0.025972 0.035463
1 0.702648 0.629375 0.024470 0.034290
1 0.463526 0.608603 0.046364 0.066820
2 0.447944 0.727825 0.024988 0.029543
2 0.446844 0.095922 0.025330 0.034583
2 0.397474 0.018992 0.029192 0.033703
2 0.465356 0.878700 0.019834 0.028487
4 0.698006 0.512583 0.069856 0.101287