2 0.589940 0.447315 0.008748 0.011683
0 0.810736 0.091695 0.018884 0.021817
0 0.840834 0.119232 0.013692 0.019937
2 0.814642 0.934653 0.021678 0.026480
2 0.643704 0.945248 0.013754 0.016590
2 0.634878 0.954168 0.015054 0.015650
2 0.650586 0.920027 0.011250 0.015147
2 0.583320 0.967083 0.017430 0.017527
2 0.685712 0.869998 0.012100 0.015563
2 0.703550 0.850112 0.012774 0.018777
2 0.769724 0.734410 0.009902 0.014573
2 0.874570 0.477728 0.014214 0.017943
2 0.877896 0.463853 0.008940 0.014607
2 0.884504 0.466722 0.008252 0.012623
2 0.912922 0.300070 0.008694 0.012620
2 0.839522 0.194968 0.014396 0.022663
2 0.698526 0.110085 0.010124 0.012470
2 0.737408 0.253970 0.009934 0.013460
2 0.595454 0.487817 0.010650 0.012720
2 0.692550 0.582075 0.011004 0.016383
2 0.700040 0.590578 0.011308 0.014397
2 0.694346 0.596682 0.011386 0.013043
2 0.676656 0.603508 0.015742 0.016083
2 0.674898 0.592508 0.012378 0.014503
2 0.362250 0.812242 0.008178 0.011943
2 0.486160 0.778167 0.011692 0.010333
2 0.501368 0.759593 0.008178 0.014293
2 0.509468 0.761523 0.009400 0.014813
2 0.513862 0.725108 0.009934 0.016277
2 0.508088 0.673307 0.011552 0.013220
2 0.450316 0.689382 0.011994 0.014123
2 0.250330 0.814697 0.011738 0.016540
2 0.285256 0.717825 0.008558 0.011037
2 0.072034 0.866510 0.012930 0.015900
2 0.065430 0.852675 0.012014 0.015277
2 0.060342 0.859750 0.013388 0.014400
2 0.039338 0.651650 0.010168 0.013340
2 0.025666 0.624578 0.009976 0.012970
2 0.022084 0.618963 0.009924 0.013620
2 0.147432 0.432000 0.019544 0.021093
2 0.099788 0.226405 0.014746 0.019683
2 0.118386 0.227892 0.013426 0.019683
2 0.049334 0.212042 0.010014 0.014723
2 0.123862 0.137907 0.015976 0.016407
2 0.079696 0.036982 0.014968 0.020343
2 0.266138 0.227802 0.011116 0.016077
2 0.314886 0.241925 0.012434 0.015177
2 0.318518 0.314870 0.009576 0.012020
2 0.368286 0.441692 0.009400 0.012730
2 0.446462 0.490000 0.013372 0.016693
2 0.465680 0.503928 0.012380 0.016590
2 0.443332 0.462510 0.013366 0.015213
2 0.435346 0.363757 0.011552 0.015273
2 0.463114 0.140150 0.012654 0.020887
2 0.499934 0.054210 0.010122 0.012320
2 0.328242 0.013903 0.010318 0.015127
1 0.179060 0.870713 0.012226 0.012867
1 0.176196 0.861062 0.009680 0.011823
1 0.278770 0.939145 0.009126 0.009997
1 0.275534 0.946173 0.009870 0.011160
1 0.283946 0.857882 0.017492 0.021290
1 0.443060 0.963078 0.009996 0.010517
1 0.454934 0.894657 0.010454 0.014647
1 0.737932 0.907207 0.013316 0.017880
1 0.778758 0.917873 0.011774 0.013973
1 0.803572 0.867317 0.014084 0.016527
1 0.793590 0.800843 0.011312 0.012113
1 0.736468 0.737608 0.015972 0.018990
1 0.894818 0.735798 0.009626 0.011770
1 0.861026 0.727033 0.014122 0.013773
1 0.785212 0.596480 0.012810 0.016407
1 0.773826 0.447090 0.011828 0.017653
1 0.745994 0.446340 0.011922 0.012647
1 0.756364 0.368537 0.010894 0.014873
1 0.807610 0.184340 0.012930 0.018907
1 0.798714 0.129500 0.013480 0.017907
1 0.582370 0.133178 0.010508 0.013650
1 0.395358 0.267518 0.013470 0.017850
1 0.554986 0.406520 0.008596 0.014260
1 0.345240 0.480770 0.010544 0.013147
1 0.339784 0.471507 0.011556 0.014900
1 0.474080 0.768338 0.010638 0.013770
1 0.272928 0.579727 0.018222 0.024880
1 0.008478 0.471357 0.010564 0.016947
1 0.094738 0.666398 0.009996 0.013523
1 0.143386 0.668527 0.012104 0.012520
1 0.043688 0.174573 0.010454 0.015400
1 0.054600 0.184778 0.009720 0.013523
1 0.230904 0.177803 0.012676 0.015327
1 0.362662 0.167148 0.017166 0.023257
5 0.851260 0.982222 0.035496 0.035557
5 0.679394 0.261173 0.040612 0.063527
5 0.105292 0.168308 0.035882 0.038223