1 0.916242 0.386147 0.027916 0.024547
4 0.147390 0.699027 0.053120 0.072527
4 0.467686 0.126665 0.078354 0.085277
2 0.722956 0.283752 0.029336 0.036823
1 0.883594 0.140337 0.022238 0.026487
1 0.897316 0.162623 0.022238 0.025840
1 0.923342 0.125800 0.026970 0.033593
1 0.887852 0.252097 0.026970 0.031653
1 0.976098 0.307333 0.017980 0.020673
1 0.989110 0.326390 0.016560 0.017440
5 0.622966 0.897318 0.043128 0.045483
1 0.644758 0.950282 0.025100 0.029910
1 0.576986 0.966327 0.024188 0.028973
2 0.384004 0.772653 0.026616 0.036340
0 0.330872 0.760630 0.036474 0.043967
1 0.343194 0.806615 0.014458 0.017497
1 0.361924 0.841158 0.017744 0.021983
1 0.336294 0.858207 0.022344 0.021087
1 0.147522 0.772967 0.027930 0.030060
1 0.091826 0.830840 0.034830 0.029160
1 0.097084 0.584993 0.017088 0.021087
1 0.103492 0.609443 0.018730 0.026020
1 0.121400 0.500652 0.028260 0.032750
4 0.197796 0.438247 0.047646 0.066847
1 0.422796 0.589770 0.022436 0.022067
1 0.486782 0.550957 0.014262 0.017133
1 0.603536 0.480340 0.015784 0.022847