1 0.120142 0.454583 0.020080 0.028040
0 0.634438 0.016078 0.050390 0.032157
1 0.338604 0.900795 0.015224 0.017923
1 0.351814 0.900540 0.012358 0.018433
1 0.283074 0.963498 0.019014 0.025443
1 0.266246 0.985568 0.016924 0.020250
1 0.119964 0.901225 0.019174 0.027910
1 0.136840 0.899710 0.019016 0.024447
1 0.146110 0.923185 0.017908 0.024663
1 0.142782 0.819443 0.034704 0.039160
1 0.173206 0.802243 0.021076 0.027693
1 0.080580 0.728360 0.026052 0.035307
1 0.029334 0.670335 0.027002 0.035050
1 0.087284 0.517205 0.019168 0.024923
1 0.009300 0.443057 0.018602 0.039880
1 0.159960 0.521410 0.016656 0.028353
1 0.178444 0.458322 0.034000 0.046110
1 0.146840 0.480753 0.029208 0.033647
1 0.196584 0.542595 0.033770 0.048910
1 0.320964 0.485015 0.053886 0.080303
1 0.292706 0.432527 0.028914 0.038133
1 0.363846 0.436563 0.029244 0.029160
1 0.263956 0.549842 0.044360 0.058323
1 0.083792 0.345492 0.025960 0.035890
1 0.160518 0.379363 0.033516 0.036340
2 0.163684 0.337220 0.024208 0.033053
2 0.269664 0.014272 0.013754 0.015737
1 0.275034 0.052327 0.039140 0.051927
1 0.366080 0.217852 0.043382 0.055137
1 0.462706 0.171757 0.034128 0.047847
1 0.474742 0.239992 0.046014 0.058663
1 0.585206 0.226053 0.033518 0.041607
1 0.574244 0.366220 0.041796 0.057067
1 0.747540 0.487618 0.038248 0.057603
1 0.675184 0.613862 0.039432 0.052757
1 0.843946 0.614130 0.025234 0.030687
1 0.639168 0.566273 0.026242 0.038633
1 0.841146 0.819620 0.019322 0.028533
1 0.880574 0.948287 0.034304 0.045760
1 0.651684 0.910602 0.041796 0.042530
1 0.922672 0.785398 0.024720 0.030637
1 0.752302 0.101027 0.024720 0.027260
1 0.744456 0.123420 0.030584 0.029640
1 0.913614 0.101892 0.045320 0.051923
1 0.915516 0.145597 0.038030 0.045867