0 0.816460 0.402417 0.025288 0.027260
0 0.206982 0.697153 0.024208 0.026893
1 0.848114 0.983600 0.030900 0.032800
1 0.960068 0.931828 0.022186 0.032237
1 0.913526 0.762620 0.022820 0.033100
1 0.848796 0.642760 0.017590 0.026180
1 0.780656 0.429367 0.034776 0.044860
1 0.564146 0.521245 0.043736 0.039463
1 0.598658 0.304693 0.024528 0.031933
1 0.650878 0.074947 0.025672 0.031587
1 0.887258 0.012960 0.014128 0.025920
1 0.243530 0.225302 0.022438 0.025963
1 0.202266 0.192330 0.028142 0.025960
1 0.032824 0.165577 0.016506 0.020373
1 0.100704 0.522145 0.025512 0.024663
1 0.168604 0.551438 0.028838 0.030503
1 0.408638 0.471350 0.020080 0.023367
1 0.355618 0.616050 0.020908 0.025293
1 0.449324 0.699243 0.024560 0.029027
1 0.455728 0.744135 0.031824 0.026143
1 0.147978 0.716168 0.018636 0.023623
1 0.223760 0.934197 0.025486 0.025240
1 0.548400 0.986413 0.021392 0.015793
1 0.545550 0.994450 0.015688 0.011100
1 0.683978 0.896608 0.026542 0.027223
1 0.597604 0.823998 0.021712 0.027043
1 0.864708 0.102397 0.017214 0.024147
2 0.662128 0.355880 0.019440 0.019813
0 0.725864 0.180153 0.019990 0.028040
1 0.847254 0.107312 0.018924 0.030910
1 0.901148 0.016397 0.014658 0.024340
2 0.426736 0.532205 0.022500 0.034183
2 0.371354 0.572337 0.025510 0.034400
2 0.496398 0.835703 0.025100 0.033647
2 0.407978 0.795982 0.030350 0.035830
2 0.916734 0.184588 0.022670 0.028263
2 0.681478 0.243412 0.025192 0.031030
2 0.695260 0.638900 0.032176 0.031153
2 0.855788 0.752615 0.028294 0.026170
0 0.570668 0.275525 0.024316 0.024677