1 0.993044 0.619575 0.013652 0.020043
1 0.901440 0.519150 0.009326 0.010767
1 0.957368 0.439863 0.014942 0.022860
1 0.898848 0.526235 0.010092 0.011190
1 0.895252 0.321557 0.012424 0.015973
1 0.936918 0.309685 0.010870 0.012297
1 0.737396 0.117190 0.017446 0.020487
1 0.764074 0.030442 0.013418 0.017503
1 0.291520 0.593592 0.024042 0.033410
1 0.545386 0.358347 0.020122 0.021540
1 0.890104 0.899853 0.017172 0.023447
1 0.900828 0.942532 0.015456 0.015123
1 0.959686 0.800448 0.014168 0.020750
1 0.834500 0.792183 0.021380 0.021100
1 0.760574 0.796933 0.018286 0.020047
1 0.564758 0.961487 0.017774 0.026027
1 0.486966 0.995163 0.015198 0.009673
1 0.411496 0.967502 0.024470 0.023210
1 0.535264 0.832593 0.030396 0.036227
1 0.526120 0.750297 0.022410 0.028487
1 0.107972 0.867352 0.016744 0.023443
1 0.043252 0.962015 0.021680 0.020517
1 0.011072 0.664642 0.014668 0.023203
1 0.009642 0.627642 0.013238 0.017097
1 0.014560 0.607370 0.012700 0.017587
1 0.087810 0.589543 0.023614 0.025400
1 0.164638 0.563775 0.018066 0.025157
1 0.105520 0.511998 0.018960 0.021737
1 0.120724 0.490507 0.021106 0.023200
1 0.050782 0.462543 0.022180 0.022960
1 0.091926 0.404050 0.028620 0.035413
1 0.359780 0.592565 0.015884 0.024910
1 0.286154 0.518272 0.018032 0.019343
1 0.427612 0.416868 0.020608 0.019343
1 0.510574 0.531167 0.015672 0.020513
1 0.323840 0.358583 0.009688 0.013840
1 0.387640 0.348712 0.017438 0.020963
1 0.158810 0.309330 0.022062 0.024627
1 0.122958 0.274732 0.012968 0.015263
1 0.076004 0.262520 0.017736 0.018113
1 0.050380 0.221612 0.032346 0.034397
1 0.136376 0.214692 0.011180 0.012010
1 0.149956 0.192610 0.021616 0.027680
1 0.059532 0.165643 0.023552 0.024220
1 0.026670 0.101625 0.016152 0.027303
1 0.211110 0.093432 0.028764 0.032530
2 0.284676 0.118538 0.016382 0.020257
2 0.361734 0.288502 0.017388 0.019343
2 0.568718 0.335548 0.012732 0.015970
1 0.508928 0.313062 0.026956 0.033750
1 0.568056 0.385838 0.020994 0.018823
1 0.587062 0.329783 0.018508 0.022727
1 0.565848 0.288775 0.010882 0.013430
1 0.515092 0.205738 0.011926 0.017097
1 0.601086 0.593572 0.018038 0.015877
1 0.656282 0.458192 0.018676 0.019343
1 0.752768 0.555932 0.020606 0.019050
1 0.922596 0.640148 0.015454 0.022510
4 0.435126 0.650510 0.126570 0.243333
1 0.365198 0.759797 0.020728 0.031153