1 0.059052 0.622743 0.026240 0.027260
2 0.070178 0.683235 0.025290 0.024143
2 0.089362 0.710365 0.012740 0.012983
2 0.123418 0.715947 0.013500 0.017913
2 0.105070 0.575492 0.015594 0.022070
2 0.115034 0.551477 0.013120 0.017653
1 0.180030 0.712523 0.019440 0.024300
1 0.199608 0.823372 0.025740 0.035890
2 0.223566 0.872718 0.017250 0.015703
2 0.279290 0.774208 0.019716 0.028037
1 0.326660 0.918143 0.024096 0.029533
1 0.453848 0.988138 0.022728 0.023723
1 0.638262 0.965628 0.024604 0.028423
1 0.682522 0.910425 0.021358 0.021983
1 0.848110 0.976115 0.012168 0.016357
1 0.908388 0.990835 0.015590 0.018330
2 0.885000 0.912247 0.019394 0.022587
2 0.801142 0.901058 0.020538 0.025703
2 0.749188 0.759033 0.013338 0.016227
2 0.808610 0.756508 0.012016 0.015863
2 0.779890 0.788150 0.029844 0.031193
2 0.989718 0.791845 0.019676 0.031010
2 0.975522 0.746142 0.016640 0.019290
1 0.956772 0.772463 0.029578 0.036600
1 0.790794 0.675997 0.017570 0.025233
1 0.767976 0.631600 0.024414 0.026793
2 0.741392 0.578015 0.027840 0.036763
2 0.833692 0.596863 0.024416 0.031467
2 0.680468 0.645152 0.012778 0.013397
2 0.617718 0.587673 0.031036 0.039880
2 0.483172 0.657185 0.014392 0.019290
2 0.481916 0.620045 0.015054 0.022177
1 0.083416 0.790602 0.022846 0.023617
2 0.505224 0.599312 0.014130 0.018570
2 0.395822 0.555215 0.022962 0.029210
2 0.360318 0.540503 0.016320 0.019253
2 0.269018 0.607502 0.029664 0.038683
1 0.511724 0.586130 0.013846 0.014147
1 0.559686 0.632017 0.020634 0.027793
1 0.451304 0.614653 0.018710 0.020873
1 0.457692 0.674158 0.015972 0.023990
1 0.242820 0.416967 0.024244 0.028127
1 0.609750 0.483133 0.014902 0.013773
1 0.606846 0.470665 0.018416 0.018677
1 0.671556 0.397923 0.012544 0.016947
1 0.753492 0.494740 0.015584 0.019833
2 0.675584 0.430828 0.018750 0.022177
2 0.993320 0.356822 0.012676 0.019257
1 0.859682 0.354200 0.017798 0.019627
1 0.942056 0.385977 0.017800 0.019627
2 0.706460 0.347410 0.025830 0.030940
2 0.769368 0.314417 0.041674 0.055387
0 0.697548 0.096923 0.071448 0.078813
0 0.834080 0.199143 0.029436 0.033960
2 0.614204 0.253945 0.023046 0.027103
2 0.515912 0.243158 0.013758 0.023437
2 0.532554 0.266688 0.011616 0.015757
2 0.528886 0.247125 0.014212 0.021283
1 0.545850 0.261835 0.014060 0.021910
1 0.539622 0.192243 0.015896 0.012520
1 0.542640 0.178315 0.018874 0.017423
1 0.482984 0.190318 0.016558 0.023390
1 0.646900 0.237950 0.025882 0.037860
1 0.536874 0.091770 0.028206 0.034400
2 0.486564 0.079760 0.022976 0.032020
1 0.485136 0.025240 0.018222 0.021200
1 0.398062 0.063102 0.020916 0.022503
0 0.380680 0.016650 0.019172 0.029640
2 0.301988 0.053430 0.018064 0.021420
2 0.311418 0.112820 0.010936 0.017740
2 0.243342 0.067233 0.009760 0.010513
2 0.241676 0.076542 0.013444 0.010263
1 0.152878 0.257623 0.020760 0.032020
1 0.021128 0.341077 0.015318 0.017667
2 0.082324 0.421257 0.015518 0.019980
2 0.336528 0.370743 0.025330 0.030220
2 0.386506 0.392577 0.010546 0.014900
1 0.387714 0.373438 0.013692 0.015737
1 0.480162 0.444010 0.015530 0.019907
1 0.508644 0.344650 0.020726 0.024667