1 0.170850 0.453905 0.038444 0.044863
2 0.855212 0.565343 0.026804 0.032453
2 0.987132 0.777997 0.013310 0.017133
2 0.910356 0.868685 0.018488 0.022537
2 0.819664 0.963947 0.020918 0.019473
2 0.785980 0.953210 0.017114 0.024613
2 0.683298 0.973148 0.018938 0.020250
2 0.538568 0.994633 0.016242 0.010733
2 0.650826 0.839152 0.019396 0.020250
2 0.439586 0.825325 0.016922 0.024403
2 0.398398 0.830128 0.026240 0.031417
2 0.393948 0.754448 0.022248 0.024403
2 0.466410 0.983462 0.016658 0.019317
2 0.441536 0.909812 0.015290 0.019630
2 0.391702 0.976635 0.033770 0.041743
2 0.243216 0.976668 0.018696 0.017310
2 0.089268 0.982618 0.036508 0.034763
2 0.159138 0.867970 0.013692 0.026480
2 0.146700 0.879030 0.016658 0.024300
2 0.034892 0.842113 0.032630 0.032713
2 0.062160 0.746312 0.023274 0.029910
2 0.158110 0.694440 0.044952 0.054520
2 0.176814 0.546985 0.019776 0.027263
2 0.139924 0.497138 0.017114 0.019990
2 0.046750 0.485065 0.019016 0.023883
0 0.023850 0.607113 0.047700 0.068800
1 0.475216 0.527388 0.020764 0.023363
1 0.354622 0.509318 0.026014 0.028350
1 0.351572 0.362608 0.019384 0.025570
1 0.303600 0.344888 0.018728 0.018843
2 0.936474 0.370442 0.036508 0.043357
1 0.120020 0.325933 0.017828 0.020553
2 0.667186 0.056917 0.017958 0.017127
2 0.719080 0.083060 0.016374 0.020733
2 0.714260 0.153375 0.028920 0.034437
2 0.707130 0.129033 0.026014 0.029027
0 0.695222 0.094313 0.018072 0.023553
2 0.877490 0.027583 0.020898 0.030147
2 0.848116 0.057462 0.018926 0.024223
0 0.887152 0.108875 0.021292 0.026917
2 0.838062 0.142520 0.031938 0.032840
2 0.485668 0.364885 0.024870 0.028350
1 0.375818 0.639622 0.023550 0.019683
1 0.385502 0.658252 0.022888 0.025990
1 0.235368 0.662163 0.021358 0.027667
1 0.269598 0.776750 0.027930 0.034020
1 0.224006 0.953023 0.019988 0.023180
1 0.286162 0.876195 0.035870 0.045237
1 0.368856 0.981997 0.018894 0.028040
1 0.423348 0.858438 0.017798 0.022430
1 0.642814 0.884795 0.033952 0.043743
1 0.657326 0.788527 0.026286 0.032900
1 0.649726 0.717835 0.011622 0.018750
1 0.637182 0.718647 0.014262 0.016047
1 0.622510 0.637208 0.016884 0.028037
1 0.538994 0.625215 0.016884 0.020250
2 0.567358 0.377347 0.014378 0.020873
2 0.519666 0.346503 0.019852 0.022120
2 0.567358 0.224378 0.018938 0.019630
1 0.479552 0.547328 0.018024 0.023990
2 0.447788 0.225905 0.016202 0.019630
2 0.362148 0.033975 0.021084 0.020937
2 0.305330 0.046125 0.025190 0.029537
2 0.233042 0.103887 0.041074 0.052340
2 0.020086 0.107193 0.016956 0.021420
2 0.097098 0.176417 0.034070 0.039613
2 0.045730 0.402490 0.022364 0.023987
2 0.116352 0.359342 0.019854 0.024923
2 0.157198 0.336442 0.020764 0.024610
2 0.322858 0.436917 0.025786 0.025547
2 0.519074 0.590720 0.037786 0.040753
2 0.608248 0.493025 0.019624 0.022743
2 0.759650 0.445005 0.025668 0.028817
1 0.780900 0.343377 0.036418 0.048973
1 0.932404 0.044693 0.026050 0.036087
1 0.926320 0.080262 0.021486 0.024663
1 0.941818 0.884445 0.018486 0.019383
1 0.947320 0.856123 0.016506 0.017727
1 0.934794 0.746918 0.026412 0.031550
1 0.881978 0.648635 0.017828 0.014123
1 0.916806 0.620767 0.018378 0.027493
1 0.930066 0.635415 0.018486 0.019530
1 0.907992 0.458607 0.020466 0.013220
1 0.906506 0.444483 0.020356 0.016827
1 0.839786 0.239022 0.020078 0.023990
1 0.813772 0.246498 0.015058 0.015890
1 0.646400 0.211930 0.019714 0.022433
1 0.457048 0.059562 0.030888 0.040377
1 0.485886 0.322628 0.016704 0.022057
1 0.288326 0.115325 0.025190 0.023177
1 0.104510 0.741383 0.029246 0.029160
1 0.471412 0.801035 0.028618 0.024190