1 0.711148 0.670377 0.042500 0.052753
2 0.440502 0.380750 0.026788 0.036927
2 0.296630 0.452040 0.017354 0.021493
2 0.220710 0.716900 0.019584 0.023093
2 0.392742 0.683173 0.021812 0.024920
2 0.152518 0.980120 0.023032 0.029213
2 0.753130 0.948023 0.029366 0.033380
2 0.774536 0.362413 0.022110 0.038093
2 0.793830 0.111133 0.024252 0.028720
2 0.907998 0.158613 0.014522 0.014627
2 0.994650 0.020710 0.010610 0.016727
1 0.125078 0.505907 0.034620 0.040093
1 0.200808 0.449147 0.017310 0.022787
1 0.274376 0.476150 0.027812 0.056567
1 0.156608 0.357143 0.017924 0.026167
1 0.080108 0.276747 0.023184 0.029120
1 0.280120 0.062777 0.016314 0.021393
1 0.896072 0.046787 0.011596 0.014413
0 0.888050 0.061417 0.021010 0.024740
0 0.640510 0.091617 0.035328 0.041313
0 0.902242 0.176607 0.020372 0.027133
0 0.082978 0.201500 0.025488 0.025640
0 0.082456 0.176873 0.023554 0.031747
0 0.099372 0.173210 0.018930 0.027273
2 0.020120 0.053503 0.027846 0.034060