0 0.848484 0.454350 0.026402 0.040153
1 0.035136 0.362793 0.023614 0.026667
1 0.230520 0.427700 0.027564 0.029187
1 0.272634 0.591937 0.029878 0.040447
1 0.362192 0.723890 0.016456 0.022953
1 0.432850 0.651963 0.025756 0.035900
1 0.753828 0.765240 0.024326 0.028333
1 0.625332 0.954037 0.023808 0.028407
1 0.590188 0.971917 0.021430 0.025447
1 0.990962 0.543493 0.017392 0.032400
1 0.790798 0.483483 0.038306 0.040500
1 0.732740 0.373680 0.020870 0.027880
1 0.663272 0.338773 0.022656 0.026053
1 0.932346 0.166200 0.027906 0.038387
1 0.511132 0.335860 0.031338 0.031067
1 0.413974 0.170883 0.043466 0.057153
0 0.161674 0.912193 0.022324 0.030187
0 0.626276 0.805797 0.029672 0.045073
0 0.650014 0.830613 0.029678 0.035960
0 0.662998 0.779717 0.037090 0.041527
0 0.618672 0.686537 0.035976 0.042540
0 0.733584 0.607027 0.021514 0.024813
2 0.062998 0.514227 0.024042 0.027253
2 0.125334 0.637317 0.063754 0.082353
2 0.224676 0.366400 0.026186 0.032240
2 0.339410 0.358927 0.028974 0.030773
2 0.759830 0.174660 0.047138 0.068227
2 0.772322 0.295113 0.022154 0.026373
2 0.836848 0.358063 0.018286 0.025673
2 0.477924 0.722353 0.024864 0.029800
2 0.423276 0.771440 0.034346 0.041520