2 0.758956 0.452073 0.018808 0.025880
0 0.711946 0.533273 0.030014 0.032347
1 0.791196 0.584317 0.026328 0.030913
1 0.875334 0.020513 0.034038 0.041027
0 0.564744 0.407757 0.037300 0.049727
0 0.904092 0.843953 0.026914 0.035707
0 0.877810 0.884867 0.032758 0.035013
0 0.910618 0.544880 0.030220 0.036400
0 0.891448 0.594807 0.037584 0.045413
0 0.092500 0.941693 0.020820 0.025653
2 0.228688 0.992257 0.015748 0.015487
2 0.065786 0.988963 0.019042 0.022073
2 0.173838 0.693013 0.021582 0.027453
2 0.325896 0.861253 0.014986 0.019413
2 0.517396 0.815760 0.017114 0.019173
2 0.572566 0.985507 0.017632 0.019747
2 0.591980 0.730820 0.016928 0.020707
2 0.040170 0.533163 0.020576 0.026087
2 0.193016 0.402720 0.013754 0.025520
2 0.297146 0.446780 0.020278 0.025040
2 0.320688 0.379483 0.017988 0.020460
2 0.344780 0.312263 0.020948 0.026873
2 0.329632 0.228923 0.028442 0.037100
2 0.225896 0.122307 0.023618 0.036747
2 0.176630 0.193383 0.018536 0.022193
1 0.097530 0.259917 0.022852 0.032593
1 0.032646 0.209333 0.023106 0.024960
1 0.057404 0.181923 0.024380 0.025620
1 0.137016 0.259260 0.022598 0.025653
1 0.360892 0.508543 0.035806 0.047847
1 0.180848 0.557950 0.024126 0.026007
1 0.424122 0.949043 0.023614 0.029127
1 0.727556 0.864037 0.021870 0.039007
2 0.900650 0.741220 0.019990 0.021067
2 0.954002 0.938070 0.018384 0.024273
2 0.953474 0.602607 0.012876 0.019987
2 0.913784 0.424833 0.030126 0.034107
2 0.602790 0.541940 0.020698 0.023573
2 0.973450 0.225307 0.024868 0.026467
2 0.937468 0.146920 0.019380 0.033453
2 0.891538 0.141927 0.020478 0.023467
2 0.938770 0.026123 0.022188 0.043140
2 0.916358 0.028433 0.024980 0.047347
2 0.669890 0.148123 0.026098 0.031300
0 0.593002 0.169913 0.026806 0.029613
2 0.564878 0.140180 0.030156 0.035640
1 0.682930 0.052673 0.017148 0.024080
2 0.499898 0.023047 0.020528 0.027160