1 0.439582 0.689340 0.021636 0.031200
0 0.221420 0.800763 0.055020 0.059953
0 0.114014 0.597020 0.027422 0.051173
0 0.022646 0.438713 0.045292 0.094760
0 0.021204 0.237643 0.037280 0.054353
0 0.390540 0.410190 0.053082 0.064700
0 0.374108 0.121607 0.032856 0.050040
1 0.140866 0.914000 0.020102 0.021667
2 0.409760 0.988107 0.017460 0.021187
2 0.421486 0.906127 0.016928 0.020467
2 0.532222 0.962773 0.022852 0.031200
1 0.606326 0.954573 0.022114 0.037093
2 0.731756 0.950260 0.026538 0.028467
2 0.697634 0.817830 0.026538 0.034513
2 0.490782 0.675610 0.031386 0.037033
2 0.662924 0.546240 0.022852 0.030627
2 0.659170 0.474517 0.017636 0.021673
1 0.828174 0.586037 0.024990 0.029540
2 0.879520 0.633257 0.024682 0.028287
2 0.901374 0.402730 0.036314 0.040913
2 0.810590 0.379497 0.023360 0.030513
2 0.700554 0.219407 0.026508 0.029960
2 0.684100 0.180090 0.016762 0.022047
2 0.667946 0.123923 0.019810 0.025380
2 0.547814 0.387160 0.024888 0.039173
2 0.480554 0.258293 0.017144 0.019933
2 0.440454 0.347140 0.021162 0.026000
2 0.193116 0.386113 0.023486 0.024267
2 0.188142 0.402730 0.015660 0.018780
2 0.292604 0.304817 0.014478 0.018380
2 0.117104 0.018570 0.014600 0.018780
1 0.440742 0.555787 0.030166 0.039520
1 0.126508 0.738977 0.020722 0.024967