0 0.177200 0.190977 0.022212 0.025647
0 0.585874 0.773860 0.025762 0.035173
0 0.777780 0.924670 0.024506 0.031020
0 0.463650 0.370707 0.028550 0.029013
2 0.422376 0.330050 0.027330 0.038500
2 0.119424 0.265443 0.027432 0.034193
2 0.133706 0.602410 0.020820 0.021687
2 0.009246 0.656290 0.018248 0.026620
2 0.342370 0.943037 0.016274 0.027113
2 0.520552 0.910630 0.024864 0.025153
2 0.486028 0.774250 0.021646 0.027847
2 0.759372 0.809687 0.017886 0.019293
2 0.971362 0.469540 0.021318 0.031547
2 0.747198 0.312177 0.024600 0.025647
2 0.817750 0.194823 0.019970 0.026047
2 0.763938 0.067723 0.020572 0.027473
1 0.124870 0.541307 0.016216 0.026267
1 0.153122 0.539483 0.027348 0.044993
1 0.242144 0.463813 0.025674 0.042120
1 0.325520 0.366733 0.023256 0.039320
1 0.824678 0.564227 0.020820 0.029893
0 0.942288 0.755690 0.028120 0.050993
1 0.915264 0.846657 0.021426 0.028460
1 0.573212 0.978693 0.022540 0.029307
1 0.583996 0.722640 0.019838 0.023320
1 0.193452 0.743867 0.027520 0.029800