1 0.675422 0.509757 0.014692 0.017220
1 0.754244 0.847663 0.057138 0.071767
1 0.701132 0.941347 0.035654 0.044520
1 0.953296 0.811537 0.020722 0.033700
1 0.853190 0.817987 0.019810 0.028293
1 0.467164 0.843227 0.027168 0.030160
1 0.482272 0.927823 0.055864 0.055820
1 0.118330 0.848630 0.051630 0.056340
1 0.641424 0.541970 0.012476 0.016833
1 0.651524 0.552373 0.013682 0.019453
1 0.882562 0.650427 0.029624 0.041893
1 0.901470 0.574100 0.028740 0.042133
1 0.937886 0.528713 0.017636 0.018293
1 0.881848 0.371523 0.023872 0.036060
1 0.825344 0.360777 0.025142 0.029820
1 0.810236 0.318130 0.030982 0.031900
1 0.847186 0.311717 0.027680 0.037100
1 0.891496 0.208570 0.028950 0.042300
1 0.791442 0.184123 0.026412 0.040567
1 0.620796 0.095020 0.023360 0.035013
1 0.604378 0.183977 0.024868 0.031780
1 0.569374 0.260160 0.018536 0.026000
1 0.482020 0.218033 0.023618 0.032587
1 0.284450 0.198647 0.033276 0.047427
1 0.247698 0.201393 0.027788 0.046933
1 0.155916 0.332200 0.042416 0.062907
1 0.052612 0.408087 0.025234 0.038947
1 0.084060 0.579833 0.039858 0.044933
1 0.237276 0.641747 0.024502 0.036947
1 0.320102 0.926827 0.019014 0.027960
1 0.245870 0.733110 0.021944 0.033953
1 0.129584 0.907853 0.021944 0.029960
2 0.048328 0.587813 0.022006 0.029467
2 0.137446 0.428553 0.020284 0.030573
2 0.129754 0.480773 0.019048 0.026347
2 0.058096 0.085520 0.021944 0.025800
2 0.127576 0.183710 0.023160 0.031620
2 0.384040 0.425850 0.022778 0.031700
2 0.446968 0.320210 0.018808 0.023273
0 0.327110 0.162823 0.020722 0.026207
2 0.408606 0.175513 0.030894 0.034960
2 0.561198 0.364103 0.026158 0.024967
2 0.648426 0.363930 0.019810 0.030167
2 0.621938 0.206003 0.019550 0.021500
2 0.729228 0.161103 0.028438 0.032247
2 0.932312 0.512597 0.015308 0.015553
2 0.639272 0.619193 0.014014 0.019133
2 0.840698 0.672243 0.015850 0.025380
2 0.582776 0.821190 0.024682 0.027873
0 0.418986 0.103493 0.026206 0.029120
0 0.937542 0.425513 0.034742 0.041440
0 0.783140 0.984403 0.062724 0.031193
0 0.854244 0.892357 0.026660 0.035020
0 0.847388 0.962040 0.054092 0.075920