5 0.298788 0.120023 0.039772 0.054520
5 0.053586 0.956898 0.091434 0.086203
1 0.350652 0.204445 0.034546 0.048030
2 0.044196 0.716997 0.017828 0.023180
2 0.147652 0.667158 0.013794 0.018543
2 0.161976 0.691498 0.012732 0.017383
2 0.166964 0.702798 0.011672 0.015643
2 0.004786 0.589422 0.009570 0.019517
2 0.235760 0.019638 0.011462 0.017743
2 0.242310 0.015657 0.010030 0.014533
2 0.323428 0.212210 0.030048 0.033727
2 0.380074 0.437275 0.027502 0.027957
2 0.362962 0.504033 0.025058 0.027953
2 0.533074 0.741477 0.014534 0.017747
2 0.422304 0.969285 0.012404 0.015090
2 0.435382 0.968448 0.013264 0.022470
2 0.251672 0.969505 0.013562 0.013623
2 0.800690 0.708303 0.022518 0.020260
2 0.767792 0.463642 0.014644 0.016223
2 0.810024 0.335573 0.021008 0.026660
2 0.914750 0.074338 0.025938 0.032597
2 0.829080 0.105190 0.032850 0.036160
2 0.184450 0.194120 0.039682 0.040853
0 0.467596 0.538170 0.032364 0.036460
1 0.407758 0.639363 0.022696 0.017507
1 0.409306 0.652342 0.016360 0.017710
1 0.468702 0.806673 0.016962 0.016420
1 0.371866 0.931063 0.029986 0.037027
1 0.339734 0.991573 0.022636 0.016853
1 0.444742 0.980263 0.016784 0.021940
1 0.568026 0.982942 0.038728 0.034117
1 0.965146 0.739910 0.023430 0.029207
1 0.975842 0.716265 0.022920 0.025730
1 0.621664 0.677465 0.019632 0.020763
1 0.644346 0.406447 0.040108 0.045780
1 0.771502 0.288105 0.034338 0.036017
1 0.975412 0.423407 0.031478 0.038633
5 0.135450 0.658903 0.013156 0.019413
2 0.454406 0.237257 0.018150 0.021267
2 0.682722 0.395698 0.040722 0.052357