1 0.007104 0.324100 0.014206 0.020307
1 0.464898 0.101243 0.022058 0.027260
1 0.490568 0.061002 0.017114 0.018950
1 0.610808 0.059178 0.019058 0.026917
1 0.922372 0.021622 0.028206 0.036263
0 0.781044 0.338487 0.013882 0.019213
1 0.809284 0.393527 0.015212 0.018693
1 0.879070 0.278410 0.030806 0.040760
1 0.960252 0.505815 0.017168 0.024190
1 0.816252 0.692193 0.014416 0.017880
1 0.705434 0.691483 0.017342 0.022740
2 0.662180 0.875972 0.013536 0.015477
1 0.608134 0.909175 0.021734 0.027670
1 0.560038 0.937970 0.020174 0.026920
1 0.513012 0.949527 0.013296 0.016900
2 0.505036 0.963737 0.012194 0.019280
1 0.423720 0.960380 0.018270 0.020133
1 0.400666 0.931607 0.014636 0.018480
1 0.338878 0.901935 0.025750 0.030950
1 0.345474 0.843943 0.013426 0.018480
1 0.056354 0.922157 0.014746 0.017727
2 0.393808 0.286613 0.010852 0.014400
1 0.449876 0.381383 0.019808 0.026893
1 0.484206 0.462062 0.024646 0.034770
1 0.510080 0.534777 0.020538 0.024673
1 0.527250 0.441312 0.025740 0.034770
1 0.709368 0.754938 0.032584 0.039630
1 0.682486 0.618670 0.017300 0.019113
2 0.609842 0.656700 0.016690 0.019407
1 0.568246 0.769223 0.017684 0.022847
1 0.522230 0.813620 0.012358 0.015060
1 0.529644 0.733267 0.025290 0.032453
1 0.502548 0.709512 0.022820 0.035310
1 0.470222 0.705358 0.026240 0.025963
1 0.442934 0.736772 0.024150 0.029597
1 0.467370 0.746378 0.019016 0.030637
1 0.470318 0.775585 0.023388 0.024143
1 0.471838 0.801158 0.026430 0.030117
2 0.421950 0.815387 0.014260 0.020553
2 0.444532 0.801145 0.018486 0.026323
1 0.190570 0.095082 0.022580 0.031370