1 0.193664 0.273127 0.020400 0.028867
1 0.166216 0.214380 0.024854 0.025827
1 0.061616 0.315162 0.023370 0.021777
1 0.108908 0.373400 0.021514 0.023800
1 0.151750 0.351117 0.017434 0.013673
1 0.083436 0.092640 0.027690 0.031653
1 0.126688 0.050583 0.014598 0.021980
1 0.227270 0.109345 0.019290 0.020763
1 0.248278 0.038147 0.019228 0.018100
1 0.311552 0.253167 0.009836 0.011480
1 0.673002 0.303593 0.021680 0.022860
1 0.019584 0.932723 0.016272 0.021200
1 0.053572 0.720205 0.013952 0.017583
1 0.289784 0.376180 0.044304 0.054260
1 0.829170 0.491902 0.043374 0.060117
2 0.522004 0.580588 0.021084 0.021683
0 0.128516 0.619447 0.020506 0.019920
0 0.879006 0.767300 0.022238 0.025840
2 0.819766 0.643888 0.022476 0.025303
1 0.153780 0.897367 0.013542 0.016833
1 0.186086 0.902843 0.014322 0.015320
1 0.166850 0.863865 0.016218 0.018610
1 0.508498 0.744847 0.010018 0.011967
1 0.617790 0.764630 0.014312 0.015387
1 0.618238 0.860002 0.016276 0.019050
1 0.772944 0.961562 0.021166 0.020963
1 0.823626 0.992112 0.011328 0.013230
1 0.870186 0.865307 0.013166 0.015433
1 0.892226 0.818800 0.011984 0.020760
1 0.941508 0.762505 0.021824 0.026377
1 0.874446 0.581798 0.018248 0.023690
1 0.903548 0.497468 0.016994 0.021737
1 0.974206 0.450820 0.016276 0.025153
1 0.778692 0.500032 0.015206 0.014163
1 0.798554 0.253098 0.016744 0.018463
1 0.931746 0.172795 0.023826 0.027843
1 0.977766 0.249893 0.020034 0.027107
1 0.559466 0.085788 0.015764 0.018570
1 0.465190 0.119550 0.010200 0.010973
1 0.552506 0.203103 0.010764 0.016393
1 0.562796 0.204163 0.016666 0.019080
1 0.537780 0.316393 0.011180 0.019740
1 0.517952 0.372057 0.014758 0.016280
1 0.502152 0.398922 0.017142 0.020757
1 0.519742 0.418562 0.012670 0.018117
1 0.523990 0.438812 0.014310 0.016283
1 0.507592 0.450413 0.014312 0.016280
1 0.500886 0.434945 0.016696 0.017503
1 0.416854 0.483378 0.015280 0.018657
1 0.534678 0.529085 0.015402 0.018150
1 0.309034 0.545165 0.016460 0.016537
1 0.187220 0.525950 0.026188 0.030480
1 0.393696 0.291110 0.018032 0.017587