1 0.595064 0.208030 0.018028 0.024613
2 0.519276 0.679148 0.014104 0.027477
0 0.534330 0.679365 0.017590 0.028343
1 0.451422 0.490010 0.020080 0.026480
1 0.470802 0.647605 0.024562 0.036563
2 0.404566 0.561822 0.013470 0.019037
1 0.533156 0.509573 0.031376 0.034833
1 0.722436 0.622355 0.035140 0.049850
1 0.888210 0.531695 0.043124 0.062930
1 0.946132 0.616185 0.025972 0.030950
2 0.963848 0.649688 0.025970 0.036357
1 0.883666 0.751180 0.049290 0.066173
1 0.859706 0.850065 0.051204 0.065797
1 0.773020 0.959552 0.030108 0.036237
1 0.715858 0.919150 0.022230 0.029147
2 0.650402 0.994905 0.012518 0.010190
1 0.012758 0.685922 0.025518 0.047250
1 0.135388 0.962923 0.023110 0.029927
2 0.144010 0.753240 0.016320 0.019907
1 0.668134 0.620008 0.018882 0.029930
1 0.014262 0.545622 0.021486 0.025183
1 0.111240 0.541857 0.026434 0.035827
1 0.011336 0.404897 0.022670 0.044713
1 0.016208 0.297132 0.032414 0.059070
1 0.127808 0.347115 0.031692 0.043270
2 0.987226 0.669503 0.019990 0.026420
2 0.905556 0.623465 0.016506 0.022163
2 0.687624 0.763555 0.022976 0.031010
2 0.539100 0.451373 0.017750 0.020987
2 0.385554 0.451587 0.023388 0.031153
2 0.025074 0.587985 0.022712 0.029570
2 0.054022 0.169325 0.031946 0.035830
2 0.334654 0.033362 0.022344 0.026177
2 0.788746 0.216098 0.023730 0.029597
2 0.731472 0.165628 0.022818 0.033957
1 0.825656 0.070510 0.013732 0.024880
1 0.814432 0.076998 0.017166 0.031010
1 0.033566 0.405873 0.019148 0.024160
1 0.920494 0.214808 0.042718 0.041497
2 0.933774 0.077603 0.020538 0.024300
1 0.659324 0.438635 0.026834 0.032150
1 0.699028 0.467797 0.027930 0.035140
1 0.741060 0.512098 0.015608 0.032523
1 0.759268 0.502378 0.020808 0.032523
1 0.477014 0.291262 0.024370 0.026170
1 0.629828 0.132162 0.027098 0.038943
4 0.629244 0.956502 0.039284 0.027643
1 0.769642 0.710013 0.034606 0.042320
1 0.269650 0.177622 0.030576 0.036450
1 0.215550 0.053533 0.044952 0.060440
1 0.139222 0.036243 0.020994 0.025860
1 0.457742 0.143757 0.022360 0.030533