1 0.357084 0.071777 0.017022 0.022900
1 0.713418 0.102573 0.030586 0.031507
1 0.620142 0.072213 0.029366 0.027080
2 0.299074 0.733380 0.018882 0.024253
1 0.129350 0.959727 0.016044 0.019240
1 0.379182 0.984460 0.013540 0.016280
1 0.429616 0.939940 0.017016 0.022893
1 0.352788 0.864803 0.016894 0.018487
1 0.352028 0.800950 0.019380 0.018993
2 0.372712 0.796963 0.016772 0.017807
2 0.576648 0.774767 0.017886 0.030040
2 0.591854 0.720667 0.021822 0.029307
2 0.615376 0.711263 0.013418 0.018313
2 0.664118 0.757667 0.013950 0.017827
2 0.716352 0.846447 0.018242 0.022467
1 0.723238 0.944500 0.020928 0.023200
2 0.885430 0.722460 0.015206 0.020293
1 0.986624 0.903920 0.021762 0.023200
1 0.874304 0.796310 0.026186 0.022567
1 0.987922 0.606897 0.014380 0.019047
1 0.759538 0.616953 0.015502 0.019133
1 0.939306 0.436117 0.022178 0.021487
1 0.960778 0.350580 0.027876 0.031747
1 0.980454 0.316593 0.015352 0.016280
1 0.977474 0.334807 0.015356 0.018120
1 0.841746 0.132563 0.020932 0.026620
1 0.734372 0.303537 0.020396 0.025793
1 0.757232 0.415783 0.020176 0.023447
1 0.650894 0.418097 0.024258 0.025500
1 0.617944 0.367513 0.017598 0.024027
1 0.401810 0.265257 0.018462 0.023153
2 0.451608 0.251483 0.023608 0.024913
2 0.449890 0.386593 0.025756 0.031360
2 0.043670 0.675817 0.014682 0.016180
1 0.102010 0.766377 0.018032 0.022860
1 0.227712 0.762857 0.022154 0.026380
1 0.245872 0.691993 0.026528 0.026027
1 0.120584 0.542350 0.022154 0.022153
1 0.244610 0.357010 0.022412 0.023567
1 0.247700 0.316563 0.018292 0.028487
1 0.074990 0.335380 0.018028 0.021107
2 0.078088 0.079890 0.017388 0.019047
1 0.241414 0.005727 0.012504 0.011453
1 0.084284 0.184810 0.024594 0.019860
1 0.139500 0.165060 0.020250 0.028493
1 0.273990 0.179803 0.013868 0.016073
1 0.341738 0.186110 0.014014 0.017300
2 0.263780 0.217760 0.018780 0.019533
0 0.282260 0.188760 0.020274 0.023813
2 0.225662 0.122750 0.018852 0.018993
2 0.633056 0.031167 0.023798 0.020680
2 0.724396 0.066830 0.017310 0.021100
2 0.746342 0.127393 0.014834 0.014773
0 0.161534 0.925493 0.013418 0.017093
0 0.785178 0.171803 0.017740 0.022793
0 0.400400 0.741210 0.033828 0.046793
0 0.032094 0.304837 0.043028 0.042033
0 0.509360 0.083353 0.044512 0.091760