1 0.589616 0.815460 0.039932 0.049327
1 0.961730 0.081827 0.023824 0.033273
1 0.874684 0.035282 0.018894 0.026917
2 0.841142 0.085567 0.016428 0.017573
2 0.841552 0.176413 0.019988 0.019067
2 0.806092 0.225950 0.023548 0.023180
2 0.901354 0.074725 0.014788 0.017570
2 0.915620 0.059583 0.012598 0.013460
2 0.917288 0.046475 0.013830 0.013043
2 0.977230 0.390337 0.014416 0.018027
0 0.872858 0.632193 0.023610 0.024013
2 0.829758 0.662590 0.030900 0.035480
2 0.798382 0.702290 0.015686 0.021420
0 0.787968 0.797873 0.019478 0.033053
0 0.809946 0.786538 0.016542 0.016617
2 0.810328 0.820420 0.019204 0.023107
2 0.751094 0.763692 0.020156 0.024403
2 0.955872 0.829383 0.019544 0.017127
2 0.989744 0.818745 0.019676 0.026503
1 0.938554 0.746965 0.017574 0.027643
2 0.936946 0.931932 0.020078 0.019937
2 0.868262 0.947977 0.035596 0.047667
2 0.750634 0.930218 0.021220 0.023990
1 0.868034 0.907943 0.020992 0.024300
2 0.804062 0.923380 0.028720 0.034400
1 0.685910 0.959967 0.030616 0.036347
1 0.620022 0.941143 0.026622 0.031933
1 0.592166 0.938027 0.030234 0.045433
1 0.545386 0.895217 0.020344 0.027780
1 0.559554 0.972843 0.038410 0.044393
2 0.497410 0.949458 0.015040 0.020283
2 0.506580 0.930865 0.017790 0.020657
2 0.689196 0.991690 0.019588 0.016620
1 0.608938 0.691782 0.018090 0.022717
1 0.578398 0.569442 0.026052 0.026483
1 0.660376 0.443252 0.021568 0.027043
1 0.560488 0.373368 0.016242 0.019110
1 0.553818 0.323337 0.017696 0.023260
1 0.526816 0.271592 0.013338 0.018210
1 0.512354 0.247973 0.016110 0.020733
1 0.423686 0.182832 0.014736 0.019470
1 0.449832 0.118250 0.015372 0.020987
1 0.444920 0.042527 0.013152 0.017960
1 0.392866 0.011613 0.025196 0.023227
1 0.284402 0.014370 0.017114 0.022067
1 0.221652 0.030090 0.016352 0.018200
1 0.191132 0.103552 0.017686 0.024403
1 0.304666 0.216408 0.022976 0.026610
1 0.162874 0.300002 0.022286 0.028670
2 0.165488 0.304260 0.018522 0.019907
1 0.207260 0.490813 0.016202 0.019627
1 0.069096 0.510285 0.020080 0.024923
1 0.139490 0.693038 0.019624 0.026170
1 0.218784 0.669205 0.020766 0.025857
1 0.118498 0.749895 0.020080 0.028350
1 0.029392 0.849122 0.018940 0.021183
1 0.133558 0.902863 0.015062 0.015267
1 0.189706 0.936312 0.020632 0.024163
1 0.184750 0.918592 0.017036 0.021637
1 0.193556 0.820873 0.028978 0.033053
1 0.286242 0.863198 0.018418 0.020657
1 0.390076 0.760168 0.024166 0.025423
1 0.378262 0.634405 0.024874 0.029597
2 0.039582 0.926475 0.025672 0.034270
2 0.307126 0.984993 0.025862 0.030013
2 0.265958 0.953242 0.028714 0.033490
2 0.184506 0.893415 0.034388 0.037430
2 0.205778 0.605710 0.017570 0.018693
2 0.365404 0.696947 0.035496 0.040027
2 0.677564 0.518073 0.011334 0.019080
2 0.689008 0.518073 0.012214 0.014873
0 0.691924 0.537020 0.024980 0.023587
2 0.542894 0.542397 0.021644 0.023540
2 0.445444 0.499008 0.041516 0.050843
2 0.536874 0.478562 0.019014 0.024663
2 0.476502 0.434318 0.019966 0.023583
2 0.435374 0.443247 0.018616 0.020660
2 0.425562 0.453452 0.015314 0.021783
2 0.405296 0.450947 0.016782 0.023287
2 0.779634 0.469607 0.015424 0.022613
2 0.712258 0.227987 0.012522 0.015387
2 0.576560 0.046060 0.030766 0.044207
2 0.508478 0.349268 0.023610 0.029063
2 0.531106 0.366610 0.024506 0.032973
2 0.020314 0.009930 0.029812 0.019860
2 0.125180 0.122028 0.022510 0.025643
2 0.045398 0.188763 0.019498 0.024667
2 0.014810 0.201952 0.020930 0.023203
2 0.087702 0.263618 0.029336 0.035170
2 0.262486 0.349490 0.020214 0.027840
2 0.332132 0.388792 0.030052 0.041617
2 0.269024 0.423373 0.014168 0.022273
2 0.165456 0.445355 0.029836 0.040443
2 0.190466 0.487307 0.014028 0.020160
2 0.402270 0.489260 0.018616 0.024040