1 0.514300 0.740383 0.033746 0.047127
2 0.889704 0.015233 0.026684 0.018720
2 0.857654 0.096440 0.018930 0.024827
1 0.220840 0.119473 0.017530 0.021493
1 0.241904 0.384687 0.019316 0.027427
2 0.037758 0.414797 0.022540 0.023687
2 0.041086 0.755713 0.015738 0.019053
2 0.094876 0.798713 0.022534 0.028133
2 0.983184 0.654503 0.019062 0.027433
2 0.979484 0.448517 0.015884 0.023447
2 0.879350 0.517540 0.025118 0.031360
1 0.617412 0.426890 0.019834 0.031300
1 0.785630 0.440960 0.024034 0.027707
1 0.716194 0.333393 0.024038 0.035733
1 0.700704 0.432207 0.061426 0.074387
1 0.919170 0.832550 0.026260 0.035860
1 0.888680 0.743213 0.030268 0.041933
1 0.845506 0.716173 0.037388 0.037680
1 0.791624 0.719080 0.020034 0.025640
1 0.790642 0.697833 0.020572 0.018320
1 0.720352 0.876853 0.021914 0.023000
1 0.538400 0.877400 0.022662 0.028693
1 0.425176 0.690093 0.034776 0.042200
1 0.498140 0.318007 0.028262 0.045427
1 0.697752 0.037883 0.019976 0.028900
1 0.802248 0.054730 0.014848 0.026380
1 0.816114 0.055340 0.016456 0.026627
1 0.841064 0.059613 0.016992 0.034187
1 0.689288 0.111927 0.014844 0.023933
1 0.550656 0.077003 0.016274 0.021487
1 0.411680 0.187070 0.017588 0.022180
1 0.145944 0.015480 0.012320 0.018373
1 0.166922 0.059023 0.016744 0.030593
1 0.172330 0.130767 0.019834 0.032000
1 0.182198 0.282523 0.024688 0.039273
1 0.304754 0.291460 0.017886 0.025893
1 0.068902 0.341547 0.034990 0.045427
1 0.344912 0.495413 0.027724 0.033213
1 0.203508 0.447570 0.020034 0.038100
1 0.294396 0.603090 0.021762 0.029513
1 0.273452 0.620693 0.021914 0.028493
1 0.201900 0.571343 0.019228 0.022593
1 0.052446 0.637283 0.017764 0.022220
1 0.187734 0.746813 0.013974 0.021907
1 0.200416 0.745327 0.011182 0.019507
1 0.101850 0.772100 0.019316 0.022227
1 0.185996 0.855887 0.018184 0.029107
1 0.167364 0.914403 0.015800 0.022793
1 0.302876 0.895390 0.021290 0.028087
0 0.342908 0.248243 0.027544 0.028553
0 0.264648 0.279247 0.018428 0.027107
0 0.208406 0.315757 0.039068 0.047180
0 0.558992 0.394183 0.027818 0.041847
0 0.858442 0.578730 0.030478 0.038393