0 0.357000 0.196415 0.035048 0.058697
1 0.386684 0.210743 0.013864 0.020553
1 0.399492 0.212907 0.011490 0.024160
1 0.335478 0.078810 0.027002 0.032713
1 0.358296 0.031557 0.020918 0.027520
1 0.411728 0.024678 0.019394 0.025703
1 0.250574 0.008898 0.018444 0.017797
1 0.056432 0.049010 0.037648 0.040813
1 0.070694 0.188582 0.020992 0.027103
1 0.062480 0.229082 0.016428 0.021497
1 0.207498 0.365842 0.032644 0.039810
1 0.205042 0.212017 0.023294 0.032887
1 0.027270 0.487667 0.028980 0.041747
1 0.260566 0.911992 0.025330 0.030843
1 0.383898 0.987228 0.022360 0.025543
1 0.439118 0.983490 0.024188 0.033020
1 0.861924 0.932050 0.027110 0.038507
1 0.781262 0.943715 0.026944 0.034097
1 0.786190 0.830435 0.031546 0.043517
0 0.775808 0.631335 0.026944 0.032750
0 0.601598 0.871397 0.053230 0.080753
0 0.572222 0.917693 0.033908 0.037687
2 0.525402 0.326033 0.013786 0.011900
2 0.523262 0.337933 0.012360 0.012767
2 0.506624 0.344532 0.021550 0.028990
1 0.541248 0.336527 0.019174 0.019040
1 0.533720 0.352430 0.020284 0.020987
2 0.523004 0.278392 0.017424 0.018403
2 0.528552 0.262993 0.018984 0.015900
2 0.458712 0.227510 0.014396 0.025167
2 0.445782 0.225320 0.013112 0.020533
2 0.572928 0.089033 0.013022 0.017153
2 0.727976 0.125582 0.017788 0.021910
2 0.948434 0.341807 0.025290 0.032453
2 0.948816 0.381138 0.029854 0.029077
2 0.101094 0.176530 0.021486 0.026480
2 0.161658 0.215733 0.019778 0.025960
2 0.177822 0.207815 0.015972 0.025703
2 0.230874 0.230142 0.017876 0.019990
2 0.316536 0.362230 0.025196 0.030940
2 0.334618 0.432268 0.032132 0.041317
2 0.147646 0.388097 0.022054 0.024880
2 0.128564 0.421722 0.021922 0.021457
2 0.092962 0.301937 0.025618 0.028847
2 0.023504 0.317982 0.025090 0.029570
2 0.007988 0.365578 0.015976 0.021637
2 0.096296 0.492463 0.028752 0.040500
2 0.101772 0.578762 0.026470 0.030530
2 0.177416 0.468787 0.034456 0.039880
1 0.294002 0.508278 0.029566 0.038137
2 0.115118 0.707832 0.021464 0.028430
2 0.171738 0.669185 0.015218 0.020210
2 0.236384 0.635053 0.027534 0.033920
2 0.183850 0.678515 0.016044 0.016537
2 0.056282 0.954218 0.037994 0.033410
2 0.235410 0.935462 0.013740 0.019930
2 0.281990 0.964917 0.018890 0.027840
2 0.233156 0.873183 0.019534 0.021980
2 0.262978 0.819778 0.021946 0.024057
2 0.622156 0.932560 0.018960 0.020760
1 0.813102 0.650425 0.035872 0.044863
2 0.947302 0.656220 0.019988 0.022807
2 0.886370 0.936910 0.022818 0.027780
0 0.748562 0.825188 0.024208 0.027043
2 0.527402 0.777248 0.022134 0.024610
2 0.582508 0.759023 0.017342 0.024300
2 0.459062 0.695002 0.017342 0.020250
2 0.548508 0.650760 0.019624 0.028973
1 0.471270 0.663535 0.023960 0.027103
2 0.697450 0.691025 0.034598 0.042910
1 0.739334 0.562757 0.039978 0.047853
1 0.632818 0.481630 0.023000 0.023180
1 0.662528 0.503313 0.020534 0.024673
1 0.737692 0.450973 0.021360 0.025420
2 0.772330 0.464993 0.023820 0.028040
2 0.549440 0.496770 0.027656 0.027293
2 0.423728 0.604023 0.020728 0.022067
1 0.374744 0.521297 0.019412 0.024880
1 0.618100 0.153518 0.023902 0.030470
1 0.634344 0.110788 0.023902 0.030470
1 0.665710 0.024332 0.028266 0.040730
1 0.642136 0.272405 0.034730 0.038583
1 0.771630 0.244137 0.028334 0.040760
2 0.737498 0.322412 0.030804 0.040503
1 0.783994 0.257407 0.017906 0.021633
1 0.907158 0.222660 0.031216 0.038133
2 0.389556 0.959030 0.020916 0.022587