2 0.506492 0.926912 0.024096 0.026170
0 0.144256 0.566328 0.045454 0.050097
2 0.353928 0.914613 0.019648 0.024447
2 0.332932 0.967728 0.024878 0.025530
2 0.251644 0.824505 0.015054 0.016443
2 0.215752 0.847653 0.019966 0.023800
2 0.206164 0.897848 0.021708 0.025097
1 0.241738 0.861393 0.019648 0.025313
1 0.175820 0.834455 0.013942 0.024663
1 0.179146 0.887787 0.018382 0.020553
2 0.171778 0.905095 0.015054 0.016657
2 0.151258 0.894927 0.019332 0.022287
2 0.157438 0.838675 0.018064 0.030503
2 0.192062 0.835863 0.011252 0.016660
1 0.132956 0.835322 0.013470 0.012550
1 0.136364 0.850357 0.015212 0.015793
2 0.116000 0.902175 0.016956 0.015577
1 0.103878 0.808170 0.013942 0.019687
0 0.089890 0.815190 0.016616 0.017727
0 0.826210 0.960470 0.024416 0.035207
2 0.854048 0.960472 0.017568 0.021497
1 0.907328 0.922773 0.019168 0.024613
2 0.757640 0.892087 0.025100 0.029287
2 0.785936 0.919502 0.018256 0.019317
2 0.768592 0.926200 0.020080 0.023987
2 0.691924 0.934767 0.010952 0.014953
2 0.678574 0.947387 0.012094 0.012773
2 0.704474 0.955330 0.016888 0.019940
2 0.706298 0.862800 0.011866 0.012460
1 0.613428 0.832892 0.015974 0.026170
1 0.623468 0.879312 0.012322 0.015577
5 0.371226 0.847467 0.053120 0.057947
2 0.539040 0.793482 0.022818 0.028350
2 0.643092 0.783980 0.019168 0.025547
1 0.663972 0.734912 0.016202 0.023990
2 0.603502 0.650950 0.020310 0.026793
1 0.520672 0.652040 0.019394 0.022120
1 0.521242 0.598142 0.017344 0.020250
1 0.458948 0.635217 0.015518 0.020873
2 0.442748 0.596428 0.010496 0.013083
2 0.479826 0.649858 0.012094 0.018383
2 0.462370 0.731640 0.021450 0.026793
2 0.458036 0.768713 0.015974 0.021807
2 0.447424 0.790522 0.017114 0.016823
2 0.461860 0.906162 0.024644 0.025050
2 0.488284 0.924668 0.010678 0.012710