2 0.915490 0.743183 0.016900 0.023273
0 0.882762 0.235560 0.045200 0.061400
0 0.958942 0.372840 0.020318 0.028773
0 0.821940 0.382377 0.027680 0.029820
0 0.784612 0.218037 0.048500 0.045767
0 0.768870 0.187870 0.042916 0.049233
0 0.740936 0.109167 0.023110 0.029813
0 0.446670 0.031053 0.023868 0.027733
0 0.563112 0.355523 0.029390 0.035113
0 0.527536 0.350343 0.036128 0.043807
0 0.533232 0.399920 0.030372 0.047987
0 0.504024 0.418397 0.022656 0.027087
0 0.255246 0.399520 0.031324 0.047093
0 0.181480 0.232833 0.030126 0.027920
0 0.278780 0.239917 0.019892 0.023407
0 0.198868 0.551950 0.026630 0.034193
0 0.049326 0.687623 0.039326 0.052247
0 0.109480 0.987173 0.036420 0.025653
0 0.331894 0.758483 0.031954 0.046233
0 0.543244 0.923903 0.033774 0.045073
0 0.555812 0.791463 0.017778 0.031207
0 0.569118 0.713797 0.023110 0.029473
0 0.765262 0.861117 0.040630 0.049927
0 0.671420 0.513763 0.033828 0.035780
0 0.832134 0.980823 0.035958 0.038353
2 0.849378 0.861243 0.016402 0.021913
2 0.915818 0.600730 0.014448 0.022073
2 0.977358 0.464170 0.014844 0.021273
2 0.831022 0.104603 0.015064 0.020900
2 0.547596 0.172673 0.026822 0.033613
2 0.463250 0.245270 0.039234 0.047953
2 0.066556 0.345320 0.029448 0.037800
2 0.296954 0.454397 0.012636 0.018460
2 0.246770 0.432330 0.016314 0.022473
2 0.183086 0.621937 0.013330 0.018487
0 0.028024 0.799020 0.030474 0.035707
2 0.057736 0.879630 0.020318 0.022193
2 0.037802 0.916383 0.017012 0.018727
2 0.247786 0.929770 0.013228 0.017580
2 0.204668 0.897627 0.021162 0.026000
2 0.309156 0.817907 0.012696 0.019267
0 0.273164 0.749733 0.023946 0.031227
2 0.613046 0.845220 0.014814 0.018493
1 0.752900 0.956790 0.016308 0.031900
1 0.721844 0.961237 0.016402 0.021913
1 0.962474 0.204790 0.027680 0.033633
1 0.810020 0.174013 0.016934 0.024560
1 0.412158 0.033163 0.018624 0.027740
2 0.416180 0.461743 0.018814 0.024473
2 0.533238 0.463653 0.017988 0.018573
1 0.637016 0.448377 0.018428 0.029953
1 0.028328 0.370340 0.021186 0.027253