2 0.744066 0.491365 0.019714 0.020637
2 0.258982 0.527587 0.032802 0.032667
2 0.204852 0.716845 0.033522 0.035723
1 0.333218 0.220638 0.033522 0.048003
1 0.437056 0.270873 0.053146 0.077027
1 0.455862 0.470697 0.041700 0.052467
1 0.493882 0.518697 0.047422 0.054700
1 0.152868 0.321207 0.021906 0.019813
1 0.110836 0.196527 0.019440 0.024673
1 0.069354 0.282702 0.020810 0.021310
1 0.806674 0.243947 0.047710 0.059220
1 0.626676 0.226988 0.035486 0.045757
1 0.708416 0.533760 0.018072 0.022880
1 0.681800 0.603968 0.020700 0.025123
1 0.678842 0.654217 0.018730 0.024227
1 0.658142 0.647710 0.018072 0.024673
1 0.708250 0.673955 0.020374 0.020637
1 0.673092 0.754708 0.019060 0.018843
0 0.450756 0.781112 0.036966 0.028977
0 0.455662 0.749957 0.025328 0.033960
4 0.932838 0.214192 0.073474 0.105303