1 0.668416 0.264983 0.025740 0.028413
0 0.546358 0.949332 0.033012 0.039637
0 0.544700 0.368822 0.031254 0.041857
2 0.978636 0.229673 0.019510 0.026093
2 0.918636 0.286125 0.050764 0.055990
2 0.614496 0.926613 0.024562 0.026180
2 0.736790 0.979825 0.036968 0.035517
2 0.962682 0.948077 0.021550 0.022933
2 0.951192 0.690765 0.028750 0.030657
1 0.433024 0.708225 0.023330 0.026917
1 0.487078 0.755332 0.021030 0.026917
1 0.920588 0.887103 0.018254 0.028040
1 0.978110 0.845823 0.021868 0.029080
1 0.823016 0.690768 0.035020 0.038510
1 0.725920 0.646800 0.027654 0.032527
1 0.734514 0.545900 0.027730 0.036567
1 0.828218 0.275638 0.026560 0.036263
1 0.808366 0.194323 0.021358 0.020933
1 0.618444 0.340687 0.024368 0.027287
1 0.843266 0.117740 0.016638 0.025747
1 0.807850 0.068953 0.022500 0.022500
1 0.976292 0.166095 0.019016 0.021203
1 0.603626 0.119717 0.017744 0.025120
1 0.304056 0.288265 0.020372 0.028263
1 0.389722 0.398470 0.023382 0.026153
1 0.362066 0.362852 0.020336 0.023977
1 0.364936 0.495455 0.014124 0.019657
1 0.354252 0.502653 0.016048 0.027547
1 0.145392 0.371525 0.019168 0.023823
1 0.069820 0.238918 0.019492 0.020770
1 0.004050 0.284028 0.008098 0.033103
1 0.010440 0.589707 0.020878 0.037907
1 0.093908 0.661882 0.026602 0.034790
1 0.214858 0.614852 0.025512 0.028123
1 0.174566 0.720877 0.025090 0.021273
1 0.178132 0.734400 0.019280 0.019113
1 0.112952 0.803752 0.021900 0.022537
1 0.125866 0.874758 0.017432 0.021637
1 0.225778 0.971878 0.025034 0.027297
1 0.609802 0.732162 0.047348 0.048290
2 0.435546 0.128077 0.020938 0.022433
2 0.255242 0.600378 0.032518 0.034530
1 0.622672 0.009852 0.022448 0.019703
1 0.544786 0.889893 0.011108 0.013900
1 0.549070 0.880138 0.010210 0.013543