1 0.829762 0.156500 0.021824 0.020513
2 0.914750 0.074443 0.016546 0.022793
2 0.842082 0.079227 0.012820 0.017300
2 0.903154 0.461913 0.017888 0.020353
2 0.630512 0.715402 0.016846 0.019130
2 0.476008 0.919718 0.021316 0.024623
2 0.455368 0.840548 0.022942 0.034397
2 0.067530 0.897538 0.020606 0.022277
2 0.088780 0.820167 0.022754 0.022860
2 0.361048 0.528872 0.016694 0.019743
2 0.366744 0.226705 0.013768 0.018090
2 0.345540 0.172937 0.015278 0.018827
2 0.154354 0.282405 0.015206 0.020150
2 0.093982 0.312527 0.012818 0.016080
1 0.062428 0.663918 0.019626 0.025610
1 0.173604 0.961387 0.029690 0.041720
1 0.352604 0.648743 0.022718 0.026867
1 0.453930 0.637630 0.017546 0.022713
1 0.514560 0.643857 0.026116 0.032727
1 0.620634 0.850768 0.034882 0.042010
1 0.565196 0.988165 0.017774 0.023670
1 0.710888 0.992415 0.019876 0.015170
1 0.733398 0.840425 0.014310 0.020150
1 0.898862 0.768468 0.016314 0.027843
1 0.968046 0.866490 0.015734 0.021767
1 0.991562 0.792373 0.015800 0.018520
1 0.845108 0.628032 0.017888 0.025157
1 0.838508 0.306115 0.027012 0.034190
1 0.264244 0.338203 0.018548 0.018147
1 0.367792 0.377452 0.021636 0.024057
1 0.228698 0.495832 0.030910 0.031230
1 0.147252 0.161453 0.019964 0.025207
1 0.240090 0.171125 0.020608 0.022277
1 0.293110 0.174672 0.021468 0.025790
1 0.337650 0.260952 0.020394 0.020223
1 0.394746 0.171123 0.019102 0.029893
1 0.424478 0.141818 0.021036 0.028137
1 0.624664 0.473695 0.036706 0.036343
1 0.605988 0.420502 0.031552 0.037803
1 0.702390 0.415518 0.034130 0.041323
1 0.711834 0.363647 0.046150 0.053047
1 0.833964 0.238830 0.018248 0.023447
1 0.767690 0.184953 0.017172 0.020760