1 0.400756 0.590283 0.029026 0.039627
1 0.412094 0.678950 0.023400 0.032693
2 0.282320 0.844567 0.016688 0.024520
1 0.047076 0.928247 0.033958 0.041727
0 0.521828 0.258905 0.058304 0.071043
1 0.578884 0.547343 0.019954 0.028893
2 0.566034 0.585422 0.017840 0.020430
2 0.527034 0.532068 0.014208 0.017750
2 0.460002 0.576375 0.016096 0.030577
2 0.442680 0.580195 0.018370 0.026277
1 0.517400 0.771795 0.020576 0.025943
1 0.561892 0.948175 0.030992 0.035703
2 0.765752 0.986598 0.013228 0.016770
2 0.899934 0.973815 0.026900 0.033143
1 0.973344 0.888888 0.036652 0.038697
1 0.776304 0.896473 0.052908 0.069760
1 0.930764 0.676848 0.025860 0.036737
1 0.960804 0.607480 0.022202 0.030673
1 0.832156 0.562495 0.023400 0.030217
2 0.806308 0.530795 0.023946 0.025263
0 0.855002 0.495187 0.023278 0.030753
1 0.723188 0.545200 0.016504 0.018060
1 0.819020 0.472293 0.023292 0.027640
1 0.897494 0.453720 0.026556 0.025560
1 0.831828 0.289540 0.017232 0.026627
2 0.888470 0.177283 0.027966 0.040453
2 0.935262 0.061453 0.032500 0.040673
1 0.807296 0.084255 0.039270 0.043137
1 0.836476 0.022620 0.042942 0.043227
1 0.613754 0.187212 0.033958 0.039230
1 0.505434 0.164125 0.031780 0.041310
2 0.681614 0.390128 0.021728 0.026943
2 0.069410 0.105170 0.018894 0.023527
1 0.010532 0.143663 0.018742 0.024973
1 0.206240 0.132655 0.017740 0.019923
1 0.217476 0.308465 0.015568 0.018577
2 0.169180 0.355833 0.016928 0.020020
1 0.586000 0.661073 0.019000 0.023220
2 0.019664 0.742492 0.016358 0.019230
2 0.081290 0.687165 0.024848 0.030770
2 0.095992 0.670078 0.018042 0.020157
1 0.118348 0.634697 0.017234 0.020067
1 0.205494 0.609943 0.013000 0.014640
2 0.192586 0.610845 0.016534 0.025110