1 0.608216 0.517367 0.020744 0.024593
1 0.018196 0.882370 0.015844 0.019653
1 0.076864 0.767167 0.012648 0.014853
1 0.114064 0.410633 0.031824 0.036240
1 0.574636 0.186098 0.021708 0.028777
1 0.540472 0.009765 0.023452 0.019530
1 0.695178 0.182787 0.035812 0.042620
1 0.769510 0.240098 0.035652 0.033750
1 0.724270 0.244427 0.021236 0.021633
1 0.970170 0.261297 0.024338 0.027780
1 0.822400 0.467003 0.031216 0.037687
1 0.986428 0.575830 0.026242 0.045173
2 0.913172 0.790130 0.019174 0.027260
2 0.990658 0.768927 0.016956 0.026827
2 0.664094 0.792223 0.023770 0.032093
2 0.633128 0.766353 0.017298 0.020733
2 0.620584 0.689718 0.015450 0.022917
2 0.143156 0.879535 0.026622 0.038423
2 0.062248 0.907443 0.018064 0.022067
2 0.102114 0.612022 0.020074 0.025243
1 0.127402 0.656373 0.016770 0.021633
1 0.420076 0.113780 0.026240 0.027260
1 0.499274 0.105343 0.024532 0.028040
2 0.701544 0.042440 0.016770 0.022353
2 0.928432 0.104167 0.020442 0.025313
2 0.956980 0.314477 0.015288 0.020873
2 0.891834 0.336130 0.031946 0.034893
2 0.670382 0.360587 0.024870 0.027107
1 0.197756 0.404968 0.031542 0.048990
1 0.331818 0.515060 0.031546 0.034453
1 0.398068 0.329518 0.018928 0.028097
1 0.117302 0.146977 0.056780 0.058140
1 0.173490 0.304073 0.047918 0.060440
1 0.346486 0.154280 0.026560 0.029160
1 0.373730 0.060070 0.027382 0.034393
1 0.406998 0.048667 0.026014 0.034020
1 0.221212 0.053713 0.023000 0.034393
1 0.023754 0.024015 0.018090 0.022717
1 0.246242 0.933442 0.030424 0.035050
1 0.327944 0.631803 0.036606 0.044133
1 0.412880 0.682753 0.023294 0.033967
1 0.375324 0.688380 0.025196 0.030940
1 0.482332 0.869358 0.030616 0.034010
1 0.542896 0.826780 0.027762 0.028300
1 0.841196 0.841428 0.023000 0.035890
1 0.744592 0.807782 0.038774 0.044863
1 0.531176 0.582570 0.023330 0.032300
1 0.540068 0.504000 0.028198 0.028833
1 0.667048 0.566035 0.017144 0.020757