0 0.411602 0.128630 0.039052 0.041940
0 0.127116 0.135863 0.027426 0.048260
0 0.218846 0.865363 0.018492 0.023913
0 0.729746 0.476197 0.017676 0.025793
1 0.785510 0.692417 0.021334 0.039527
1 0.876472 0.837830 0.018588 0.029953
1 0.944792 0.732820 0.027730 0.040773
2 0.809800 0.740307 0.021026 0.036613
2 0.819288 0.644557 0.012696 0.016180
2 0.866086 0.409213 0.016166 0.017853
2 0.970532 0.405067 0.023066 0.024267
2 0.295144 0.070163 0.022856 0.030167
2 0.494100 0.010240 0.015024 0.020480
2 0.135340 0.298023 0.029712 0.042647
2 0.093430 0.688203 0.012524 0.017580
2 0.012400 0.819423 0.016226 0.020460
2 0.015926 0.837483 0.013754 0.018540
1 0.382468 0.920153 0.019986 0.029693
0 0.553034 0.972133 0.021030 0.027880
2 0.629676 0.854183 0.014018 0.017473
2 0.825626 0.988123 0.015674 0.017553
1 0.824888 0.232803 0.028946 0.039527
1 0.839490 0.379117 0.024126 0.032593
1 0.876058 0.431470 0.012954 0.018033
1 0.981950 0.070717 0.025142 0.031553
1 0.556460 0.090977 0.027510 0.031780
1 0.522136 0.256410 0.022310 0.030460
1 0.419930 0.244430 0.024136 0.026460
1 0.336192 0.343783 0.013896 0.020473
1 0.244726 0.370130 0.015722 0.019860
0 0.229074 0.368923 0.013228 0.019460
1 0.213352 0.356083 0.018814 0.030300
1 0.170970 0.413067 0.017486 0.021467
1 0.165022 0.529033 0.016840 0.019507
1 0.140732 0.563310 0.019082 0.021460
1 0.017974 0.482230 0.012636 0.015447
1 0.066716 0.598447 0.015660 0.021960
1 0.043122 0.649153 0.015874 0.024560
1 0.013074 0.581547 0.022222 0.029760
1 0.248248 0.588573 0.019746 0.023467
1 0.123736 0.734607 0.023770 0.028960
1 0.551980 0.687550 0.039106 0.048193
1 0.663052 0.757790 0.023916 0.027740
1 0.221628 0.079557 0.019810 0.027047
1 0.304794 0.103307 0.019042 0.023227
2 0.381058 0.209433 0.028658 0.038320
2 0.511832 0.491587 0.012872 0.018053
1 0.649838 0.556527 0.015576 0.020067
1 0.694218 0.503757 0.027042 0.031300
1 0.705756 0.471053 0.016308 0.024080
1 0.766474 0.584740 0.024512 0.038040
1 0.790812 0.604607 0.020630 0.028173