1 0.035374 0.151158 0.013012 0.015310
1 0.140538 0.732100 0.015030 0.016453
1 0.054396 0.758747 0.026828 0.034273
1 0.461994 0.842115 0.012224 0.009157
1 0.464588 0.849462 0.008986 0.011370
1 0.598940 0.925030 0.014610 0.017300
1 0.597972 0.940092 0.016548 0.016483
1 0.646048 0.941618 0.016678 0.015117
1 0.641484 0.955507 0.017468 0.016980
1 0.652950 0.973665 0.016680 0.020317
1 0.664020 0.983595 0.018404 0.020943
1 0.643818 0.990875 0.016978 0.018250
1 0.552104 0.921347 0.012820 0.014040
1 0.790372 0.593255 0.010910 0.011723
1 0.828294 0.635993 0.016276 0.019540
1 0.207138 0.557018 0.011926 0.014450
1 0.217420 0.388705 0.017080 0.019503
1 0.241176 0.377682 0.010972 0.015830
1 0.208572 0.223798 0.011718 0.012857
1 0.203612 0.233810 0.012868 0.014820
1 0.382136 0.033507 0.015888 0.016293
1 0.426618 0.014263 0.014180 0.017100
1 0.936170 0.741288 0.017736 0.016690
1 0.970380 0.723073 0.015800 0.017707
1 0.384592 0.878263 0.009524 0.010600
1 0.385522 0.886392 0.009936 0.009610
1 0.381174 0.992463 0.010972 0.011447
1 0.491718 0.764878 0.015202 0.014043
2 0.569834 0.143972 0.033272 0.038590
2 0.587454 0.188300 0.032378 0.035413
1 0.662646 0.200877 0.023494 0.030387
1 0.545950 0.461560 0.025542 0.022860
1 0.540476 0.485447 0.018032 0.021393
1 0.459376 0.564875 0.012166 0.015630
1 0.317652 0.512415 0.012520 0.014163
1 0.314882 0.643700 0.010584 0.016487
1 0.236248 0.776275 0.015354 0.027677
1 0.306490 0.056847 0.017670 0.015813