1 0.009622 0.390300 0.015386 0.020267
0 0.496900 0.163093 0.027510 0.037560
0 0.594760 0.171367 0.030908 0.036720
0 0.689196 0.845173 0.040962 0.048360
0 0.160716 0.457310 0.055122 0.053807
0 0.242374 0.970433 0.034434 0.052507
0 0.261976 0.957203 0.012222 0.018727
0 0.272112 0.957203 0.012222 0.018727
0 0.026436 0.641843 0.027724 0.026660
0 0.035008 0.668607 0.030258 0.026053
0 0.038596 0.267887 0.030434 0.044773
0 0.191210 0.164740 0.023184 0.032707
0 0.102858 0.247213 0.024214 0.019693
0 0.650900 0.804497 0.030562 0.044367
1 0.632116 0.754943 0.013266 0.017300
1 0.644416 0.755347 0.011928 0.022187
1 0.713286 0.814980 0.020870 0.022587
1 0.741160 0.887537 0.016694 0.025233
1 0.751670 0.919693 0.018632 0.022387
1 0.832254 0.947447 0.024898 0.029893
1 0.873362 0.960927 0.025972 0.045720
1 0.908020 0.994667 0.015014 0.010667
1 0.942696 0.917637 0.018632 0.024420
1 0.970794 0.930053 0.018784 0.025640
1 0.936984 0.853517 0.025756 0.027847
1 0.897702 0.808677 0.020180 0.022567
1 0.834058 0.841503 0.023828 0.023740
1 0.796384 0.813367 0.027476 0.028427
1 0.868360 0.773933 0.015010 0.015120
1 0.849366 0.746653 0.016768 0.018800
1 0.904356 0.580907 0.028624 0.042333
1 0.978294 0.568697 0.017290 0.028087
1 0.895936 0.516083 0.020122 0.024220
1 0.919790 0.399677 0.025762 0.026380
1 0.991198 0.363680 0.017534 0.030773
1 0.991736 0.392373 0.015386 0.023200
1 0.891328 0.149677 0.018222 0.021540
1 0.853806 0.263330 0.023404 0.029100
1 0.836968 0.313733 0.040606 0.047867
1 0.983300 0.069127 0.023106 0.031347
1 0.899302 0.043890 0.032198 0.036233
1 0.847950 0.049997 0.020126 0.028900
1 0.805164 0.124410 0.013248 0.020780
1 0.817636 0.123633 0.012110 0.016680
0 0.816998 0.087357 0.022558 0.060327
1 0.649712 0.110140 0.017392 0.030867
1 0.548492 0.181050 0.022374 0.032900
1 0.514212 0.192923 0.020620 0.017300
1 0.510542 0.210900 0.014550 0.016960
1 0.572024 0.272653 0.027202 0.029173
1 0.588982 0.253233 0.015650 0.023573
1 0.611774 0.259597 0.014780 0.020353
1 0.681294 0.301473 0.019140 0.026373
1 0.614660 0.375597 0.015386 0.023687
1 0.575842 0.431767 0.015024 0.020760
1 0.692828 0.392763 0.023292 0.022473
1 0.761150 0.407180 0.026812 0.028413
1 0.731806 0.502473 0.037208 0.042013
1 0.728530 0.572037 0.026084 0.033753
1 0.677414 0.638010 0.018012 0.030020
1 0.701948 0.654377 0.021368 0.028153
1 0.633818 0.664617 0.041318 0.058367
1 0.614700 0.606437 0.016978 0.019500
1 0.570292 0.581563 0.021534 0.024593
1 0.658574 0.518080 0.028798 0.040547
1 0.464372 0.457583 0.024018 0.026287
1 0.478452 0.492420 0.016562 0.022467
1 0.413858 0.443037 0.023808 0.020913
1 0.410906 0.421483 0.013560 0.018513
1 0.397398 0.403463 0.016972 0.025153
1 0.430368 0.361133 0.015834 0.021053
1 0.411984 0.255000 0.025328 0.031360
1 0.402002 0.187740 0.025118 0.032240
1 0.475568 0.041543 0.025640 0.035007
1 0.273790 0.027577 0.019532 0.024327
1 0.250500 0.075053 0.017602 0.026080
1 0.287742 0.122383 0.017818 0.020513
1 0.225686 0.079597 0.025972 0.041033
1 0.061262 0.055127 0.016098 0.018467
1 0.074570 0.069193 0.013956 0.017293
1 0.062110 0.131817 0.019874 0.019847
1 0.021118 0.147843 0.017392 0.023407
1 0.076396 0.168247 0.017636 0.017640
1 0.149490 0.213100 0.017886 0.021773
1 0.179636 0.322537 0.019126 0.019673
1 0.286572 0.289943 0.018838 0.018087
1 0.341978 0.355017 0.019228 0.026260
1 0.299410 0.438543 0.016270 0.024420
1 0.320156 0.479163 0.017266 0.030700
1 0.465866 0.524600 0.019750 0.030187
1 0.384788 0.632960 0.017740 0.021147
1 0.404170 0.650360 0.024296 0.036453
1 0.431296 0.635093 0.017740 0.026640
1 0.280486 0.578437 0.016460 0.022327
1 0.281678 0.607410 0.023394 0.029113
1 0.251578 0.551293 0.017168 0.022733
1 0.157954 0.394420 0.020850 0.023360
0 0.012036 0.438170 0.017354 0.048113
1 0.037390 0.555190 0.012720 0.020633
1 0.064978 0.570100 0.018022 0.027280
1 0.043594 0.525263 0.019376 0.028700
1 0.119976 0.645060 0.020126 0.027880
1 0.144572 0.656967 0.017740 0.021573
1 0.105068 0.680267 0.021914 0.029920
1 0.134808 0.700213 0.023852 0.034800
1 0.034782 0.779350 0.019790 0.027100
1 0.004846 0.690333 0.009692 0.027853
1 0.058408 0.816300 0.020870 0.027640
1 0.070264 0.712310 0.025966 0.040007
1 0.124104 0.902537 0.014760 0.030127
1 0.101894 0.967357 0.019824 0.030327
1 0.135358 0.971833 0.015200 0.030733
1 0.005520 0.960233 0.011040 0.023813
1 0.018120 0.962880 0.014160 0.026667
1 0.206076 0.940867 0.018842 0.026147
1 0.365964 0.887393 0.025640 0.037240
1 0.448550 0.993113 0.014902 0.013773
1 0.535800 0.910260 0.021368 0.027640
1 0.563652 0.858107 0.017138 0.024933
1 0.507702 0.750083 0.017144 0.022727
1 0.525342 0.732533 0.013662 0.028320
1 0.174092 0.563963 0.014492 0.024313
1 0.180406 0.628627 0.020498 0.027280
1 0.627734 0.721470 0.032402 0.038300
1 0.438914 0.709750 0.039712 0.062273
2 0.750806 0.848863 0.013594 0.014167
2 0.751878 0.829813 0.018960 0.026373
2 0.823760 0.965740 0.009034 0.009400
2 0.825298 0.974240 0.009766 0.009867
2 0.846210 0.990423 0.016504 0.019153
2 0.891926 0.978360 0.017642 0.029067
2 0.964914 0.818030 0.018228 0.026873
2 0.972932 0.782203 0.017642 0.029660
2 0.972342 0.739700 0.023168 0.033040
2 0.981260 0.548173 0.009112 0.014653
2 0.991536 0.558607 0.012456 0.015347
2 0.817676 0.585177 0.012822 0.021193
2 0.828848 0.433297 0.015792 0.021567
2 0.802888 0.340107 0.018120 0.030693
2 0.760080 0.276453 0.021010 0.024080
2 0.716816 0.375953 0.012656 0.017280
2 0.683404 0.431053 0.015948 0.016933
2 0.527492 0.422217 0.014516 0.021313
2 0.473974 0.302633 0.018516 0.025680
2 0.399690 0.361057 0.024204 0.024687
2 0.878710 0.089263 0.018956 0.020567
2 0.666462 0.030750 0.019136 0.022393
2 0.596184 0.091607 0.013920 0.021027
2 0.507216 0.131417 0.010126 0.019233
2 0.362128 0.109717 0.017012 0.020233
2 0.345546 0.069740 0.013730 0.023227
2 0.309396 0.081433 0.013608 0.017747
0 0.283764 0.097440 0.018710 0.028533
2 0.022294 0.173650 0.015068 0.017087
2 0.013060 0.109120 0.017496 0.024053
2 0.076166 0.114777 0.011904 0.014593
2 0.141766 0.165730 0.017006 0.015753
2 0.139638 0.177410 0.017618 0.012860
2 0.243664 0.166380 0.017514 0.018933
2 0.333962 0.214070 0.017934 0.024487
2 0.353284 0.232683 0.018082 0.024287
2 0.173256 0.415990 0.018544 0.021953
2 0.285280 0.382997 0.018228 0.021700
2 0.281220 0.274967 0.014472 0.013520
2 0.259046 0.469937 0.020044 0.025020
2 0.253108 0.527603 0.016040 0.020073
2 0.225042 0.548923 0.019438 0.018913
2 0.327952 0.532183 0.020894 0.025380
2 0.339920 0.468400 0.013970 0.024213
2 0.360148 0.471800 0.015796 0.017413
0 0.385292 0.553673 0.024200 0.025573
2 0.413492 0.584847 0.016806 0.020187
2 0.339870 0.631133 0.013120 0.014333
2 0.347818 0.691600 0.014512 0.018667
2 0.360556 0.712453 0.015860 0.021427
2 0.481602 0.653680 0.012636 0.019240
2 0.481258 0.713573 0.014566 0.021893
2 0.481210 0.907057 0.018466 0.017753
2 0.381462 0.855550 0.013608 0.016593
2 0.096106 0.886023 0.016646 0.020073
2 0.008992 0.886103 0.012514 0.018247
0 0.138168 0.902213 0.013370 0.022893
2 0.701040 0.683590 0.017714 0.023913
2 0.849436 0.766640 0.017534 0.018453
2 0.614876 0.184207 0.015894 0.020507