0 0.447720 0.893453 0.033076 0.039667
1 0.145490 0.092960 0.028334 0.031947
1 0.137868 0.030683 0.017388 0.020513
1 0.501240 0.221820 0.058212 0.078427
2 0.419846 0.163967 0.030396 0.038680
2 0.303286 0.085893 0.047138 0.042907
2 0.622190 0.194007 0.016548 0.019947
2 0.808694 0.433537 0.029360 0.038687
2 0.979658 0.519327 0.025332 0.029307
2 0.953146 0.610327 0.029838 0.031360
2 0.674504 0.907270 0.018462 0.023447
2 0.418316 0.813367 0.019532 0.020813
2 0.158458 0.955737 0.017548 0.021980
2 0.169114 0.697987 0.015650 0.020520
2 0.408536 0.639727 0.013710 0.019333
2 0.416512 0.654073 0.014760 0.017907
2 0.194492 0.487347 0.015010 0.013987
1 0.093178 0.007677 0.020390 0.015353
1 0.016396 0.480143 0.023614 0.023447
1 0.185764 0.415993 0.020748 0.022227
1 0.252126 0.543480 0.016460 0.023200
1 0.396572 0.439830 0.015742 0.016607
1 0.403370 0.457537 0.017890 0.020273
1 0.465562 0.503090 0.024472 0.026673
1 0.531674 0.480083 0.020606 0.024033
1 0.529100 0.559213 0.023608 0.031067
1 0.546380 0.690713 0.019106 0.027840
1 0.488208 0.727057 0.019102 0.020220
1 0.308218 0.901540 0.016026 0.021880
1 0.573108 0.975153 0.021108 0.022960
1 0.569620 0.948167 0.022714 0.022227
1 0.759258 0.833257 0.020870 0.026260
1 0.791750 0.817383 0.014908 0.023407
1 0.624646 0.750390 0.017642 0.019673
1 0.144484 0.715767 0.014682 0.017933
1 0.885480 0.509607 0.018804 0.024973
1 0.803020 0.319817 0.030766 0.030287
1 0.985090 0.155340 0.014908 0.018320
1 0.846860 0.182813 0.027724 0.029107
1 0.846788 0.109240 0.027578 0.030933
1 0.656604 0.134377 0.022154 0.026007
1 0.657980 0.237647 0.025502 0.023213
1 0.248956 0.112597 0.019316 0.023740
1 0.045574 0.811600 0.016226 0.019693
0 0.458540 0.792590 0.033076 0.053180
0 0.036558 0.640857 0.020606 0.027433
0 0.095134 0.643810 0.030396 0.033060
0 0.096548 0.722240 0.030136 0.071040
0 0.916546 0.443137 0.039410 0.054513
0 0.887696 0.714853 0.038124 0.049587
0 0.823814 0.800313 0.036064 0.047480
0 0.608072 0.600390 0.056026 0.067407
0 0.206910 0.332060 0.053516 0.060240