1 0.595202 0.031228 0.012178 0.019923
2 0.870436 0.972243 0.019074 0.016173
2 0.873232 0.985805 0.018104 0.016423
2 0.860126 0.840287 0.014216 0.018413
2 0.907130 0.694302 0.018894 0.023530
2 0.787104 0.633417 0.026456 0.030133
2 0.636032 0.326112 0.018868 0.020830
2 0.590864 0.276713 0.023218 0.034427
2 0.155120 0.010302 0.025950 0.020603
2 0.064988 0.075898 0.016504 0.022877
2 0.062972 0.043737 0.021290 0.029067
2 0.153028 0.515168 0.023934 0.034743
2 0.129990 0.662035 0.023618 0.026277
1 0.743256 0.805113 0.015882 0.025180
1 0.756252 0.813575 0.013454 0.021877
1 0.822916 0.841335 0.022222 0.024150
1 0.867736 0.879312 0.019048 0.018370
1 0.922082 0.874668 0.016174 0.016923
1 0.994566 0.724550 0.013060 0.012880
1 0.904864 0.767768 0.013968 0.016097
1 0.860424 0.611490 0.009250 0.013620
1 0.953934 0.626597 0.013422 0.016100
1 0.875574 0.472992 0.014288 0.018610
1 0.965314 0.448717 0.016326 0.023940
1 0.995996 0.469253 0.008154 0.023733
1 0.924942 0.066318 0.016374 0.014790
1 0.788830 0.035877 0.016752 0.020640
1 0.737702 0.115457 0.015148 0.019973
1 0.687192 0.141648 0.012178 0.014330
1 0.649874 0.192387 0.011442 0.016340
1 0.639240 0.045490 0.013752 0.019780
1 0.617720 0.047998 0.017320 0.025083
1 0.470242 0.247103 0.010936 0.014233
1 0.530756 0.270692 0.015674 0.020503
1 0.564182 0.275270 0.009332 0.012340
1 0.664610 0.334930 0.009550 0.015127
1 0.369712 0.389167 0.014614 0.018573
1 0.304772 0.370592 0.018266 0.022703
1 0.252344 0.211067 0.010330 0.013760
1 0.242834 0.245553 0.012470 0.014620
0 0.267338 0.200052 0.014636 0.021357
1 0.192384 0.203267 0.009466 0.012093
0 0.181860 0.047153 0.018684 0.020927
1 0.005574 0.179763 0.010936 0.015427
1 0.093896 0.255175 0.011196 0.014930
1 0.014274 0.511275 0.015328 0.018630
1 0.153652 0.562013 0.021308 0.025513
1 0.125466 0.615760 0.011758 0.012040
1 0.194760 0.358348 0.010434 0.013303
1 0.156754 0.729290 0.013962 0.018227
1 0.175686 0.695348 0.014116 0.020203
1 0.399440 0.627855 0.017192 0.024477
1 0.390404 0.657652 0.009700 0.013443
1 0.394062 0.701688 0.014882 0.020203
1 0.353886 0.800000 0.013096 0.019507
1 0.404744 0.794833 0.013608 0.019853
1 0.359960 0.899942 0.009270 0.013630
1 0.537382 0.967538 0.008032 0.010643
1 0.670824 0.935502 0.014256 0.019663
1 0.545472 0.812307 0.011020 0.014447
1 0.472658 0.700990 0.014712 0.018927
1 0.656428 0.734960 0.014082 0.018893
2 0.611300 0.633885 0.014938 0.015717
1 0.620546 0.595678 0.013350 0.018223