1 0.088256 0.155590 0.015530 0.019040
1 0.328038 0.638450 0.017828 0.016227
1 0.308902 0.739325 0.023660 0.027343
1 0.316000 0.775008 0.021790 0.019383
1 0.384780 0.805260 0.010132 0.011587
1 0.402716 0.742638 0.015334 0.017197
1 0.520422 0.789320 0.013692 0.018953
1 0.553128 0.755308 0.011790 0.015837
1 0.532306 0.680928 0.015402 0.020770
1 0.604566 0.717665 0.016162 0.020510
1 0.395032 0.619640 0.010786 0.011420
1 0.435032 0.609725 0.015958 0.017430
1 0.702436 0.875592 0.014454 0.013243
1 0.731492 0.819782 0.009780 0.015130
1 0.719646 0.806010 0.015284 0.024313
1 0.893398 0.942025 0.013206 0.015863
1 0.766918 0.661327 0.015844 0.024160
1 0.722352 0.692698 0.014922 0.019470
1 0.494062 0.532607 0.016704 0.019813
1 0.415334 0.465580 0.010234 0.016073
1 0.468704 0.431925 0.014856 0.020583
1 0.490604 0.406310 0.018818 0.015927
1 0.642344 0.436957 0.019016 0.023580
1 0.629272 0.359718 0.021392 0.025743
1 0.795040 0.555167 0.011790 0.013760
1 0.854464 0.525050 0.014260 0.018953
1 0.791428 0.480785 0.015212 0.022330
1 0.782698 0.366313 0.012546 0.013880
1 0.743744 0.336295 0.012810 0.010817
1 0.874816 0.428352 0.012016 0.014423
1 0.936948 0.461887 0.008450 0.010460
1 0.582742 0.189063 0.014194 0.015613
1 0.639412 0.231967 0.017938 0.018480
1 0.815294 0.211592 0.015076 0.014723
1 0.892764 0.158557 0.013974 0.020433
1 0.944030 0.021878 0.020168 0.021563
1 0.515348 0.005235 0.011608 0.010470
0 0.347552 0.224850 0.045180 0.061373
0 0.679390 0.211297 0.026812 0.032713
2 0.161446 0.583627 0.017828 0.019533
2 0.310894 0.682510 0.019204 0.021807
2 0.329814 0.712757 0.013688 0.015840
2 0.204630 0.937637 0.014104 0.017093
2 0.630634 0.971688 0.032856 0.026483
1 0.617856 0.844733 0.019624 0.038633
2 0.624360 0.839280 0.011638 0.022120
2 0.634400 0.848627 0.014832 0.018380
2 0.683894 0.554218 0.013628 0.014930
2 0.678664 0.541345 0.011412 0.012117
2 0.820882 0.468505 0.012932 0.014537
2 0.731924 0.400630 0.011884 0.014713
2 0.839200 0.173397 0.018064 0.022287
2 0.839992 0.149382 0.019648 0.018823
2 0.837458 0.119958 0.020916 0.022717
2 0.319672 0.020848 0.017746 0.018823
2 0.302940 0.285893 0.011386 0.016800
2 0.422100 0.249513 0.009996 0.013520
1 0.438162 0.109992 0.016542 0.019990
1 0.459364 0.117262 0.011790 0.019990
1 0.402414 0.179182 0.020346 0.019730
1 0.265284 0.027850 0.013864 0.016587
1 0.174142 0.161865 0.015848 0.019037
1 0.033190 0.044927 0.017588 0.028340
1 0.017106 0.033787 0.016796 0.022933
1 0.008312 0.022540 0.012836 0.017320
1 0.009106 0.055962 0.016320 0.021417
1 0.084112 0.286210 0.012280 0.012620
1 0.199854 0.348410 0.012942 0.016227
1 0.018338 0.465710 0.008586 0.012980
1 0.069574 0.509880 0.013074 0.013340
1 0.053660 0.613405 0.012544 0.016677
1 0.136410 0.637070 0.013206 0.012620
1 0.226926 0.654843 0.009510 0.012980
1 0.231996 0.666852 0.011726 0.013630
1 0.210920 0.542763 0.011412 0.013827
1 0.296104 0.505643 0.013470 0.015327
1 0.308284 0.626432 0.008914 0.012923
1 0.348782 0.627182 0.010454 0.013823
5 0.698556 0.670928 0.034988 0.038943
1 0.858994 0.362593 0.045454 0.056080
1 0.670294 0.027540 0.041164 0.044573
1 0.870168 0.088545 0.034038 0.039983