0 0.854256 0.979507 0.022358 0.027680
0 0.828094 0.983853 0.029068 0.032293
0 0.093112 0.281287 0.051186 0.081027
0 0.535078 0.451110 0.022002 0.033460
0 0.828218 0.032033 0.023184 0.029893
2 0.789764 0.902937 0.017348 0.022713
2 0.667554 0.697320 0.015030 0.019053
2 0.590634 0.701350 0.021464 0.028087
2 0.368198 0.683807 0.016700 0.026253
2 0.423184 0.932137 0.018008 0.025100
2 0.221736 0.348220 0.021822 0.034440
2 0.149468 0.217433 0.020390 0.029307
2 0.185872 0.172377 0.019858 0.028087
2 0.390904 0.050407 0.021250 0.032533
2 0.505638 0.137157 0.023178 0.025500
2 0.573804 0.019440 0.019678 0.018320
2 0.962868 0.349800 0.031216 0.030813
0 0.877886 0.397443 0.014492 0.022473
0 0.890720 0.408327 0.014078 0.017667
1 0.879544 0.426470 0.017710 0.021740
1 0.612510 0.368293 0.014786 0.026800
1 0.625738 0.362697 0.018134 0.028153
1 0.620582 0.083877 0.015732 0.020633
1 0.370528 0.418703 0.018428 0.029060
1 0.118130 0.431160 0.029160 0.032480
1 0.160240 0.880090 0.016670 0.019220
1 0.600456 0.745163 0.015922 0.021487
1 0.665748 0.946273 0.022002 0.031040
1 0.789786 0.860653 0.024296 0.032360
1 0.874404 0.624997 0.038124 0.045367
1 0.046562 0.978163 0.033838 0.043673
1 0.823814 0.172900 0.043272 0.058387