0 0.945644 0.811993 0.026456 0.030920
0 0.512774 0.387817 0.032178 0.051927
0 0.501622 0.493913 0.040586 0.057413
0 0.387294 0.143477 0.029628 0.045940
0 0.419144 0.163990 0.035336 0.051140
0 0.055754 0.315397 0.049136 0.048447
1 0.183030 0.324440 0.022602 0.033627
1 0.279600 0.545613 0.023632 0.033227
1 0.240628 0.487710 0.026802 0.028167
1 0.134798 0.547340 0.036870 0.048680
1 0.073850 0.502197 0.028950 0.044100
1 0.202634 0.874673 0.030220 0.033280
1 0.134196 0.783660 0.025904 0.038480
1 0.165812 0.897210 0.022094 0.027740
1 0.480850 0.874397 0.020566 0.030513
1 0.529226 0.790663 0.021334 0.028780
1 0.613726 0.902080 0.023632 0.029613
1 0.553200 0.724587 0.031890 0.036520
1 0.755156 0.733323 0.027686 0.035153
1 0.858328 0.650367 0.026010 0.034307
1 0.869714 0.631507 0.022338 0.024280
1 0.953776 0.507467 0.035474 0.052373
1 0.675716 0.554747 0.027310 0.034613
1 0.577044 0.487013 0.020318 0.024613
1 0.586946 0.370520 0.018286 0.021840
1 0.576462 0.217323 0.024516 0.027927
0 0.635450 0.234323 0.020810 0.030580
1 0.447072 0.230897 0.025718 0.032327
0 0.573768 0.046837 0.033188 0.045313
1 0.821320 0.199783 0.037456 0.038140
1 0.830632 0.170607 0.026450 0.035827
1 0.816856 0.067840 0.030566 0.042533
1 0.855726 0.025707 0.022192 0.028893
1 0.848522 0.006533 0.019546 0.013067
1 0.928166 0.165337 0.032504 0.044380
1 0.935080 0.366397 0.024692 0.036513
1 0.964692 0.308813 0.027774 0.040933
1 0.329656 0.359737 0.036568 0.056167
2 0.295500 0.596020 0.017524 0.024613
2 0.096794 0.673683 0.035552 0.039180
2 0.507124 0.941470 0.021162 0.028167
0 0.696124 0.834090 0.032470 0.040740
2 0.836102 0.949720 0.017554 0.023960
2 0.689760 0.750277 0.024130 0.031153
1 0.798852 0.586587 0.024736 0.033440
0 0.825980 0.597617 0.021674 0.026753
0 0.815816 0.621613 0.020206 0.026920
1 0.851224 0.703467 0.025904 0.039520
1 0.927658 0.832663 0.025396 0.039007
2 0.827598 0.439967 0.023282 0.027693
2 0.969396 0.272817 0.016900 0.022473
2 0.934052 0.254960 0.021748 0.026480
2 0.946174 0.232990 0.029244 0.033913
2 0.118228 0.271353 0.028506 0.031907
2 0.044896 0.211560 0.022632 0.033107
1 0.100086 0.265350 0.019732 0.031233
1 0.329030 0.705857 0.057290 0.084047
1 0.328572 0.593937 0.058814 0.078220
0 0.422178 0.118653 0.039502 0.033947