2 0.636706 0.371840 0.020922 0.033427
1 0.162624 0.557313 0.029820 0.041933
1 0.254536 0.429420 0.021884 0.026333
1 0.722922 0.481530 0.035610 0.041327
1 0.915284 0.640647 0.021640 0.026373
1 0.900686 0.867790 0.020826 0.026380
1 0.728276 0.721500 0.021640 0.025320
2 0.849654 0.816113 0.015742 0.021493
2 0.799392 0.484873 0.038276 0.057733
2 0.649614 0.515867 0.022706 0.041933
0 0.858474 0.343020 0.071586 0.090147
2 0.454880 0.395237 0.028492 0.027953
2 0.235212 0.251407 0.033754 0.031400
2 0.203128 0.150880 0.025962 0.026840
2 0.029938 0.636567 0.036166 0.036720
2 0.282474 0.798120 0.028130 0.035027
2 0.336104 0.781660 0.034620 0.043467
2 0.198060 0.690710 0.040494 0.054020
2 0.531828 0.790310 0.027202 0.025740
2 0.374304 0.405190 0.045590 0.053100
0 0.250930 0.535473 0.029624 0.035173