0 0.437900 0.573207 0.042988 0.046360
0 0.416542 0.606853 0.048466 0.028413
0 0.369090 0.493052 0.031216 0.030283
0 0.861334 0.691540 0.025876 0.028427
0 0.649914 0.621290 0.021070 0.028427
0 0.628104 0.388465 0.029000 0.033163
0 0.552064 0.845123 0.017844 0.018680
1 0.692186 0.948962 0.035098 0.047917
1 0.464556 0.160308 0.033122 0.038223
2 0.505958 0.202838 0.020506 0.029610
2 0.457854 0.218990 0.020502 0.023147
2 0.418030 0.236487 0.023658 0.024767
1 0.643964 0.204723 0.026814 0.036607
1 0.392202 0.346578 0.035092 0.048990
1 0.384514 0.455865 0.017348 0.017763
2 0.352772 0.259367 0.018532 0.027453
2 0.324382 0.213337 0.017744 0.019380
2 0.294614 0.201493 0.021292 0.029073
0 0.440064 0.685130 0.025630 0.029160
2 0.278018 0.923957 0.016430 0.019067
2 0.276374 0.947137 0.017524 0.018320
2 0.303892 0.942462 0.021634 0.021683
1 0.192854 0.957625 0.015528 0.017957
1 0.252038 0.956112 0.014418 0.017957
1 0.147660 0.784608 0.013786 0.017523
1 0.086496 0.874612 0.017272 0.018390