2 0.981274 0.128385 0.022016 0.025123
0 0.547872 0.015742 0.036472 0.031483
0 0.775252 0.022735 0.033846 0.037237
1 0.146160 0.428572 0.029336 0.030363
1 0.065248 0.414358 0.022712 0.021317
1 0.055548 0.438907 0.026970 0.021320
1 0.145540 0.583873 0.021220 0.023987
1 0.305392 0.567595 0.018636 0.020510
2 0.371470 0.586807 0.015402 0.014280
2 0.359014 0.509830 0.021296 0.022847
2 0.426652 0.395018 0.014416 0.017277
2 0.424836 0.408463 0.012984 0.012020
2 0.437766 0.403582 0.011334 0.013370
2 0.436116 0.416577 0.013754 0.015627
2 0.452692 0.257345 0.022976 0.022537
2 0.302716 0.248623 0.019714 0.023927
2 0.257462 0.226543 0.017352 0.016380
2 0.333230 0.161415 0.020728 0.029597
2 0.238126 0.083782 0.037874 0.037863
2 0.279002 0.020390 0.019190 0.017960
1 0.190746 0.072097 0.016320 0.020553
1 0.169498 0.147280 0.018858 0.022933
1 0.171176 0.201153 0.022818 0.027260
1 0.172358 0.229277 0.027430 0.027260
2 0.122106 0.272503 0.022080 0.028533
2 0.135118 0.334413 0.017352 0.026380
2 0.452486 0.065847 0.014458 0.021980
2 0.497828 0.070108 0.016428 0.017050
1 0.543666 0.169705 0.013472 0.020637
1 0.602318 0.214343 0.013802 0.016600
1 0.629592 0.212548 0.014458 0.019290
2 0.727532 0.834097 0.016352 0.026220
2 0.742742 0.843442 0.015594 0.025183
1 0.683892 0.813587 0.016924 0.022067
2 0.720646 0.958725 0.017798 0.021683
1 0.647674 0.981530 0.015334 0.014953
0 0.603896 0.071633 0.021030 0.025573
2 0.643818 0.126367 0.020044 0.026467
2 0.642340 0.172127 0.021688 0.021980
2 0.670762 0.135787 0.018728 0.022880
2 0.758166 0.072755 0.018072 0.027817
1 0.800224 0.083522 0.025302 0.025123
1 0.921636 0.103712 0.024974 0.025123
1 0.963860 0.253553 0.016098 0.019740
1 0.962380 0.272395 0.021030 0.014357
2 0.890422 0.134665 0.022344 0.026917