2 0.545076 0.617117 0.026010 0.032127
0 0.033772 0.450337 0.036694 0.053233
0 0.151918 0.435277 0.035996 0.042580
0 0.076548 0.344457 0.036036 0.055993
0 0.817000 0.148580 0.041088 0.031640
0 0.814370 0.108300 0.050166 0.051533
0 0.886062 0.237760 0.038638 0.048693
0 0.636914 0.236723 0.023046 0.034287
1 0.580822 0.450347 0.041694 0.029307
1 0.512300 0.679453 0.034258 0.035507
1 0.767200 0.530097 0.024770 0.042273
1 0.010996 0.517180 0.021992 0.031480
2 0.833040 0.915547 0.023940 0.024800
2 0.830976 0.964860 0.026416 0.032120
2 0.750480 0.696867 0.020640 0.023667
2 0.954948 0.621693 0.037828 0.052187
2 0.781558 0.358343 0.030860 0.044033
2 0.720344 0.233590 0.034244 0.037513
2 0.547634 0.203063 0.031704 0.035847
2 0.624910 0.068137 0.024770 0.043287
2 0.779460 0.016147 0.030708 0.032293
2 0.464170 0.040747 0.034180 0.041253
2 0.019314 0.371837 0.020786 0.024793
2 0.284148 0.581347 0.022076 0.025253
2 0.439858 0.490477 0.027540 0.037820
2 0.445594 0.633463 0.021880 0.024233
2 0.542600 0.814380 0.030132 0.043400
2 0.290168 0.917510 0.031988 0.031940
2 0.019170 0.618510 0.034160 0.044033
2 0.950522 0.783380 0.058614 0.062560
2 0.275756 0.073923 0.057568 0.059687