0 0.102786 0.600667 0.033520 0.034320
0 0.160148 0.316017 0.024380 0.029127
0 0.598786 0.767417 0.022398 0.027927
0 0.885672 0.642467 0.031704 0.036200
0 0.927786 0.948247 0.022348 0.021840
0 0.760278 0.026600 0.028632 0.033653
2 0.402714 0.654103 0.021026 0.027460
2 0.588902 0.694457 0.017978 0.023300
2 0.292858 0.456473 0.020112 0.029120
2 0.078342 0.570030 0.019838 0.021473
2 0.067246 0.884110 0.026026 0.024273
2 0.135100 0.931960 0.023100 0.029853
2 0.330900 0.988830 0.016928 0.020460
1 0.283250 0.973180 0.019750 0.025280
1 0.870806 0.903193 0.019200 0.022880
1 0.637786 0.653400 0.019302 0.028080
1 0.495324 0.616130 0.036568 0.043687
1 0.289370 0.321673 0.017812 0.021187
1 0.303274 0.150463 0.017632 0.022273
1 0.782278 0.236657 0.019400 0.024313
1 0.947830 0.253220 0.028746 0.028893
2 0.609512 0.830883 0.018164 0.022633
2 0.719548 0.812947 0.071772 0.094147
2 0.925750 0.857310 0.028364 0.034913
2 0.957050 0.895233 0.020430 0.026880
2 0.727828 0.231060 0.016778 0.018893
2 0.890140 0.277407 0.016216 0.017560
2 0.959938 0.228500 0.016636 0.017560
2 0.500886 0.077097 0.014732 0.015953
2 0.498982 0.183883 0.019556 0.023580
2 0.137172 0.202350 0.018896 0.023713
2 0.079580 0.025733 0.017676 0.028293