2 0.271486 0.479373 0.095604 0.110560
2 0.903288 0.534648 0.020766 0.025237
1 0.923482 0.408005 0.020994 0.027417
1 0.905000 0.401462 0.018256 0.028663
1 0.877732 0.374357 0.018028 0.024300
0 0.897356 0.276375 0.048604 0.072590
2 0.778552 0.249718 0.017496 0.021810
1 0.795572 0.255170 0.017686 0.024927
1 0.834172 0.208048 0.020346 0.030377
4 0.539942 0.375703 0.046258 0.067120
1 0.603342 0.283323 0.020318 0.027987
1 0.587470 0.287780 0.015418 0.026007
1 0.571324 0.269453 0.015056 0.023527
1 0.553912 0.263880 0.019048 0.024273
1 0.513368 0.278370 0.014148 0.024520
1 0.440280 0.204800 0.023020 0.032047
1 0.506634 0.173368 0.036562 0.039443
1 0.401236 0.178917 0.029792 0.033280
1 0.257020 0.112973 0.031146 0.028347
1 0.579756 0.852015 0.017270 0.019197
1 0.635466 0.839493 0.016352 0.023580
1 0.529268 0.727612 0.036486 0.046223
2 0.257120 0.560333 0.098740 0.118407