0 0.179536 0.601375 0.035322 0.046357
0 0.514734 0.743623 0.043354 0.058413
2 0.059560 0.239105 0.015212 0.018390
2 0.042750 0.071310 0.018930 0.025847
2 0.192366 0.151055 0.020572 0.023690
2 0.611220 0.590107 0.029178 0.032840
2 0.613782 0.537348 0.023264 0.024223
2 0.789810 0.586542 0.016006 0.025097
2 0.803754 0.583297 0.014736 0.026827
2 0.857250 0.734052 0.019966 0.024663
2 0.910968 0.749628 0.018382 0.023797
2 0.924280 0.793440 0.024086 0.028773
2 0.975360 0.593017 0.019016 0.023367
2 0.911998 0.294890 0.024428 0.031913
2 0.834096 0.132810 0.018254 0.021807
2 0.962354 0.063568 0.014450 0.021030
2 0.981750 0.013462 0.019396 0.024143
2 0.867752 0.034880 0.034416 0.037387
2 0.714960 0.059297 0.019016 0.025420
2 0.508976 0.069015 0.019412 0.021457
2 0.179214 0.360542 0.017906 0.023797
2 0.201810 0.450977 0.024086 0.023367
2 0.201018 0.471207 0.030742 0.024880
2 0.298422 0.557537 0.026418 0.030147
2 0.004602 0.562025 0.009204 0.022177
2 0.069682 0.591143 0.014526 0.020193
2 0.029826 0.983100 0.026926 0.033800
2 0.371320 0.699482 0.017084 0.023777
2 0.364748 0.572522 0.027602 0.028263
2 0.459496 0.973555 0.021678 0.028663
2 0.531030 0.929938 0.020078 0.026170
2 0.835750 0.864737 0.026052 0.031413
2 0.833088 0.900305 0.018066 0.026223
0 0.615262 0.362878 0.024644 0.028263
0 0.535448 0.269518 0.025960 0.030057
0 0.390038 0.167632 0.018260 0.021330
2 0.402742 0.185980 0.020378 0.020780
1 0.334090 0.207972 0.038032 0.038163
1 0.604418 0.497987 0.012436 0.019380
1 0.609700 0.510683 0.019476 0.016527
1 0.624336 0.503470 0.013096 0.020133
1 0.667670 0.594743 0.017714 0.023587
1 0.737328 0.603668 0.018816 0.027043
1 0.744260 0.644083 0.015958 0.020433
1 0.748594 0.733340 0.016772 0.020553
1 0.775136 0.749027 0.016770 0.024160
1 0.859168 0.699738 0.019492 0.025530
1 0.872952 0.920850 0.011726 0.022067
1 0.860278 0.955465 0.020598 0.029423
1 0.806954 0.943783 0.016638 0.018607
1 0.687088 0.926487 0.020700 0.030507
1 0.526740 0.878035 0.027930 0.032303
1 0.535120 0.842370 0.026290 0.030953
1 0.567540 0.897245 0.030766 0.044170
1 0.304274 0.976290 0.017598 0.018780
1 0.129400 0.792080 0.046606 0.067527
1 0.168360 0.719618 0.032378 0.039563
2 0.018298 0.732172 0.017530 0.022957
1 0.185412 0.542027 0.019576 0.022860
1 0.425018 0.417952 0.031424 0.041150
1 0.075686 0.233755 0.018032 0.026083
1 0.124198 0.208990 0.020178 0.022273
1 0.044670 0.167520 0.019104 0.021980
1 0.025442 0.089180 0.015800 0.018927
1 0.197698 0.031083 0.012112 0.014700
1 0.552148 0.106580 0.019678 0.025440
1 0.506304 0.023562 0.026832 0.027550
2 0.510456 0.050307 0.017888 0.017707
1 0.622226 0.207088 0.043398 0.050137
1 0.666368 0.060982 0.034498 0.050643
1 0.753720 0.122513 0.025222 0.026840
1 0.751314 0.450835 0.026814 0.036070
1 0.635192 0.385693 0.019322 0.024227
1 0.432208 0.272210 0.055860 0.065053