1 0.233430 0.592280 0.015776 0.019160
1 0.289262 0.689573 0.026016 0.026147
1 0.114504 0.712110 0.018882 0.022180
1 0.173862 0.735277 0.018750 0.025967
1 0.375766 0.300443 0.018448 0.026740
1 0.407712 0.263313 0.022632 0.023107
2 0.457150 0.400757 0.022818 0.033647
0 0.220224 0.341550 0.073604 0.096007
0 0.287038 0.058863 0.028980 0.034273
0 0.708266 0.312773 0.029434 0.036453
0 0.975566 0.857227 0.025098 0.031160
0 0.521348 0.976047 0.045830 0.047907
0 0.274770 0.828077 0.041074 0.053460
2 0.180442 0.309790 0.031372 0.046473
1 0.162812 0.503803 0.043544 0.056340
2 0.199140 0.218843 0.017802 0.023180
2 0.279810 0.165940 0.021358 0.028787
2 0.299114 0.155290 0.018344 0.023180
2 0.255958 0.144073 0.028476 0.026920
1 0.222880 0.101603 0.030938 0.051967
2 0.619488 0.139263 0.019384 0.035887
2 0.791500 0.097317 0.020372 0.019287
2 0.674524 0.248057 0.015112 0.014807
2 0.754206 0.285743 0.019390 0.018393
2 0.827810 0.251193 0.022670 0.022880
2 0.975884 0.008450 0.023926 0.016900
1 0.937298 0.015697 0.025668 0.031393
1 0.858432 0.092603 0.025986 0.027260
1 0.785856 0.015147 0.024722 0.028133
1 0.589124 0.288307 0.021000 0.029160
1 0.628870 0.320910 0.019282 0.024887
2 0.544236 0.337780 0.018160 0.025040
1 0.370488 0.131487 0.039708 0.052653
2 0.406138 0.569507 0.019648 0.023587
2 0.258472 0.656667 0.028174 0.028547
2 0.471726 0.782200 0.017514 0.018160
2 0.484554 0.735643 0.020728 0.023367
2 0.684310 0.821840 0.032632 0.040507
2 0.783454 0.852060 0.025102 0.028040
2 0.747698 0.737973 0.025786 0.028040
2 0.694302 0.627687 0.016660 0.018693
2 0.772912 0.593257 0.039702 0.051407
2 0.604996 0.559937 0.021866 0.022847
2 0.769040 0.426670 0.020346 0.029593
2 0.893714 0.441213 0.023276 0.029160
2 0.936292 0.495420 0.028482 0.035893
2 0.947266 0.622513 0.027608 0.031467
2 0.984802 0.662547 0.026470 0.030533
1 0.970428 0.694637 0.023736 0.036767
1 0.885908 0.835937 0.025674 0.029593
1 0.714690 0.802077 0.023110 0.025607
1 0.643084 0.615803 0.026812 0.033753
1 0.773416 0.651010 0.032896 0.038940
0 0.266556 0.865837 0.045454 0.044487
1 0.303520 0.814807 0.018624 0.027667
2 0.317426 0.783080 0.019394 0.022067
2 0.335396 0.868103 0.018066 0.023887
2 0.354982 0.852010 0.018062 0.024407
2 0.388736 0.874727 0.019394 0.019987
2 0.044306 0.919843 0.034864 0.037140