1 0.671458 0.088310 0.027192 0.032453
1 0.307756 0.658327 0.027290 0.031553
2 0.219722 0.674252 0.038294 0.035157
2 0.943944 0.704000 0.029158 0.032453
2 0.812978 0.561967 0.034070 0.043487
1 0.845744 0.295060 0.042924 0.047447
1 0.891396 0.215522 0.029296 0.031630
1 0.849834 0.192730 0.025210 0.032560
1 0.825482 0.107003 0.027570 0.027260
1 0.726126 0.061180 0.015594 0.019213
1 0.524850 0.161913 0.032136 0.036347
1 0.622400 0.131537 0.019966 0.022847
1 0.587410 0.087532 0.028332 0.039203
0 0.586346 0.944952 0.024084 0.024663
0 0.623718 0.809182 0.035596 0.033957
0 0.428210 0.725625 0.033316 0.037383