2 0.655346 0.149785 0.018134 0.024763
2 0.748514 0.443908 0.015530 0.020023
2 0.850284 0.458822 0.019562 0.024737
2 0.871204 0.617302 0.016354 0.032510
2 0.785162 0.646275 0.013458 0.017810
2 0.655590 0.706087 0.011128 0.013193
2 0.671722 0.726403 0.018718 0.018020
2 0.663820 0.818367 0.016736 0.021553
2 0.767680 0.693752 0.020374 0.022557
2 0.809368 0.846633 0.017764 0.021540
2 0.819554 0.865373 0.020744 0.019333
2 0.829740 0.851552 0.018758 0.025610
2 0.845828 0.851128 0.018882 0.023743
2 0.920794 0.848752 0.018260 0.021370
0 0.817168 0.115738 0.023432 0.028330
1 0.136110 0.220510 0.014278 0.015540
1 0.060540 0.289987 0.016026 0.020040
1 0.113634 0.305430 0.012770 0.014713
1 0.115518 0.339177 0.010832 0.012067
1 0.210184 0.439775 0.009734 0.012110
1 0.961674 0.328892 0.011582 0.012610
1 0.180332 0.612305 0.009434 0.011383
1 0.149992 0.118728 0.012042 0.015703
1 0.098740 0.106923 0.012978 0.016153
1 0.066130 0.431785 0.009278 0.011643
1 0.002360 0.547232 0.004722 0.012270
1 0.027820 0.693993 0.008208 0.008913
1 0.027646 0.711417 0.012168 0.016093
1 0.050290 0.791645 0.008482 0.010797
1 0.100900 0.778100 0.014954 0.017667
1 0.328492 0.847387 0.015096 0.016253
1 0.508194 0.907792 0.013914 0.019163
1 0.837874 0.939107 0.014616 0.018813
2 0.537024 0.559737 0.015600 0.020613
2 0.363432 0.728505 0.017186 0.022190
2 0.507372 0.724195 0.008592 0.013850
1 0.952716 0.212557 0.011594 0.016253
2 0.066900 0.686578 0.018262 0.021710
1 0.805828 0.200870 0.008022 0.011660
1 0.789310 0.191387 0.013974 0.019080
1 0.770030 0.204873 0.015098 0.013547
2 0.437958 0.966753 0.014794 0.017653
2 0.431126 0.946770 0.014788 0.019320
2 0.116836 0.698452 0.015528 0.015943
2 0.156388 0.585410 0.013166 0.015433
2 0.107294 0.445347 0.011926 0.011600
2 0.165206 0.449722 0.012374 0.017097
2 0.204548 0.109367 0.014750 0.016607
1 0.750378 0.124098 0.019266 0.027383
1 0.984482 0.159265 0.015278 0.018997
1 0.765156 0.057858 0.009524 0.011123
1 0.770650 0.008553 0.010682 0.011247
2 0.189310 0.127380 0.014312 0.016280
2 0.319938 0.048347 0.014498 0.015947
2 0.324552 0.039758 0.010784 0.012023
1 0.892918 0.346470 0.008986 0.012953
1 0.878936 0.390985 0.010484 0.014317
1 0.781040 0.304532 0.011132 0.014383
1 0.755766 0.338587 0.011552 0.015433
1 0.655962 0.324185 0.009732 0.014417
1 0.683134 0.372458 0.013560 0.021923
1 0.706750 0.644402 0.010352 0.013643
1 0.704236 0.737465 0.011142 0.013903
1 0.597630 0.667660 0.010766 0.018940
1 0.565022 0.647237 0.011802 0.014273
1 0.333960 0.727303 0.018736 0.021767
1 0.456532 0.432210 0.010066 0.013053
1 0.306688 0.104268 0.011980 0.015950
1 0.121342 0.030110 0.014146 0.017327
1 0.234876 0.116325 0.016246 0.023557
1 0.271214 0.170307 0.011574 0.014527
2 0.419800 0.260488 0.021816 0.022497
2 0.440542 0.251067 0.021220 0.025320
2 0.430142 0.174735 0.016462 0.020710
2 0.512712 0.129105 0.013372 0.014250
2 0.517498 0.121213 0.013286 0.014487
2 0.615726 0.323990 0.017326 0.021887
2 0.621448 0.336702 0.016104 0.017863
2 0.628602 0.325610 0.013012 0.016293