0 0.043296 0.079880 0.061202 0.086093
0 0.033364 0.456293 0.023702 0.034467
0 0.101062 0.792380 0.022876 0.032493
0 0.298426 0.987157 0.024418 0.025687
0 0.874738 0.741793 0.040180 0.042200
2 0.842744 0.634527 0.022998 0.028867
0 0.728872 0.684660 0.025966 0.030893
1 0.838142 0.773887 0.019830 0.024627
1 0.691184 0.586310 0.030396 0.035527
1 0.586926 0.705340 0.028120 0.031360
1 0.583428 0.959913 0.025400 0.024667
1 0.428496 0.197000 0.014014 0.021573
1 0.410652 0.175200 0.024682 0.031653
1 0.134848 0.076750 0.022256 0.027433
1 0.990454 0.072710 0.018028 0.020513
1 0.681452 0.466570 0.029516 0.031020
2 0.505672 0.666567 0.029106 0.035520
2 0.375512 0.776117 0.034346 0.032527
2 0.377552 0.738897 0.026402 0.025500
2 0.389572 0.845867 0.028980 0.027253
2 0.048672 0.650420 0.022432 0.028880
2 0.326702 0.599427 0.024468 0.027787
2 0.187210 0.513757 0.027514 0.036300
2 0.282692 0.340900 0.012866 0.016587
2 0.270616 0.327943 0.014590 0.016780
2 0.435552 0.108847 0.019102 0.026373
2 0.448958 0.430913 0.015356 0.018960
2 0.703626 0.328153 0.027876 0.040707
2 0.615798 0.072037 0.039282 0.051580
2 0.869846 0.265427 0.023970 0.028573
2 0.535940 0.924063 0.015650 0.018487