0 0.544336 0.948830 0.034776 0.045367
0 0.573442 0.918410 0.031172 0.042207
0 0.859880 0.803137 0.017818 0.019633
0 0.892242 0.263543 0.036054 0.032820
0 0.184150 0.688857 0.034620 0.049380
1 0.990970 0.033743 0.017602 0.024353
1 0.728138 0.011883 0.028130 0.022367
1 0.464318 0.081730 0.024732 0.026167
1 0.158294 0.139103 0.021382 0.024620
1 0.149738 0.006203 0.018248 0.012407
1 0.216010 0.007423 0.018780 0.014847
1 0.195332 0.303860 0.020176 0.029893
1 0.044356 0.650310 0.020274 0.027887
1 0.101394 0.938667 0.023696 0.027427
1 0.435572 0.795713 0.023184 0.026587
1 0.528436 0.892587 0.018510 0.028493
1 0.548374 0.905307 0.013418 0.020013
1 0.512968 0.649170 0.023106 0.035207
1 0.497392 0.610093 0.017588 0.021373
1 0.433742 0.630140 0.027730 0.033373
1 0.471010 0.557687 0.020870 0.026053
2 0.467954 0.534177 0.015654 0.018927
2 0.308384 0.404683 0.018066 0.025153
2 0.659810 0.041273 0.019140 0.027107
1 0.578696 0.370233 0.039414 0.056627
1 0.857842 0.401250 0.020352 0.026727
2 0.764724 0.439760 0.021118 0.024267
2 0.873864 0.928960 0.017514 0.023560
1 0.800064 0.911377 0.019834 0.020753