1 0.266952 0.094862 0.034860 0.045650
1 0.103164 0.500158 0.013692 0.019317
2 0.078018 0.600165 0.021678 0.023677
1 0.082126 0.674780 0.019396 0.022120
1 0.020130 0.605765 0.018730 0.023777
0 0.624980 0.426292 0.042468 0.058197
0 0.859786 0.106588 0.058758 0.058677
0 0.943658 0.628592 0.047644 0.048977
0 0.434262 0.819120 0.049060 0.049587
1 0.145264 0.449377 0.017568 0.025547
1 0.177210 0.442678 0.014834 0.017137
1 0.154276 0.397505 0.014148 0.017137
1 0.091070 0.470250 0.011408 0.014953
1 0.077494 0.405605 0.018484 0.019630
1 0.285936 0.719558 0.023278 0.022483
1 0.312054 0.756382 0.022144 0.026357
1 0.361168 0.789717 0.024982 0.026360
1 0.436684 0.711807 0.035206 0.030233
1 0.187960 0.161498 0.038190 0.044350
1 0.113960 0.056568 0.024878 0.025743