1 0.089716 0.525097 0.036080 0.035640
0 0.200154 0.222087 0.024610 0.035213
0 0.213932 0.212430 0.028000 0.040040
0 0.755732 0.326413 0.019982 0.019800
0 0.141894 0.877148 0.016094 0.015937
1 0.010322 0.920017 0.015918 0.018713
1 0.221004 0.670997 0.021646 0.031987
1 0.284006 0.531153 0.019100 0.018427
1 0.286170 0.479172 0.029030 0.037550
1 0.459208 0.555723 0.023132 0.026367
1 0.425572 0.421860 0.023344 0.031000
1 0.098418 0.328215 0.023770 0.026077
1 0.145530 0.179458 0.032256 0.045490
1 0.532964 0.176547 0.025874 0.028120
1 0.545090 0.347178 0.021398 0.023663
1 0.445170 0.150873 0.018216 0.024147
1 0.696466 0.322708 0.016766 0.024050
1 0.704000 0.417310 0.021648 0.021440
1 0.854340 0.604522 0.021044 0.025597
1 0.988452 0.705442 0.023432 0.030583
1 0.880440 0.932452 0.029622 0.032597
1 0.689078 0.874803 0.019454 0.020727
1 0.674852 0.730630 0.022720 0.028673
1 0.886002 0.267703 0.016478 0.023333
1 0.833886 0.196272 0.026084 0.030783
1 0.850928 0.085585 0.026174 0.029457
1 0.879224 0.070495 0.012026 0.017143
2 0.142806 0.605122 0.013902 0.017350
2 0.168174 0.372507 0.013794 0.017147
2 0.110292 0.199770 0.017332 0.021247
1 0.359640 0.315107 0.048054 0.058400
2 0.565638 0.301978 0.019808 0.023663
2 0.729546 0.211665 0.016358 0.016097
2 0.714298 0.308972 0.020388 0.025150
2 0.657822 0.425337 0.022708 0.022020
2 0.825312 0.333205 0.020684 0.027037
2 0.686160 0.576053 0.021398 0.023180
2 0.853878 0.423672 0.028332 0.035310
2 0.751100 0.427697 0.021678 0.018433
2 0.609876 0.024670 0.017608 0.017027
2 0.613314 0.037440 0.016232 0.016027
2 0.402484 0.604855 0.026560 0.035143
1 0.168264 0.060787 0.043584 0.057947
1 0.696900 0.458853 0.041728 0.051347
1 0.588714 0.620875 0.062080 0.080537