1 0.545296 0.758930 0.028482 0.039073
2 0.819036 0.809370 0.017740 0.027993
2 0.832456 0.808347 0.010712 0.026893
2 0.840696 0.822033 0.012212 0.024067
2 0.850256 0.818490 0.015434 0.028313
2 0.976836 0.899507 0.036494 0.039827
2 0.533912 0.875817 0.021210 0.030527
0 0.205264 0.738857 0.039218 0.038887
1 0.092432 0.174193 0.025546 0.034200
2 0.697590 0.054527 0.032446 0.053000
2 0.494218 0.188607 0.029658 0.033707
2 0.388514 0.112777 0.022896 0.033700
2 0.128654 0.167963 0.024000 0.027660
2 0.876650 0.144060 0.029306 0.033973
2 0.837874 0.067240 0.018666 0.027560
2 0.729668 0.123790 0.032930 0.052820
2 0.285146 0.489243 0.024366 0.031313
0 0.824636 0.767293 0.042006 0.056267
0 0.058420 0.121087 0.055424 0.062947
2 0.373896 0.866050 0.029864 0.038727
1 0.505834 0.163367 0.030528 0.028533
2 0.556704 0.352060 0.035352 0.037187
1 0.120534 0.180207 0.020738 0.024480
2 0.369188 0.978787 0.034878 0.033267
1 0.827104 0.341670 0.038458 0.047620
2 0.406958 0.335387 0.040380 0.039360
0 0.071518 0.652060 0.049952 0.058053
2 0.351080 0.597657 0.036406 0.039140
1 0.470090 0.500443 0.032964 0.044033
1 0.498638 0.474350 0.041806 0.042727
2 0.445820 0.642470 0.035546 0.046580