1 0.114072 0.662337 0.020700 0.024673
1 0.443312 0.715273 0.031216 0.038133
2 0.350102 0.616802 0.016142 0.017510
1 0.536640 0.837320 0.029664 0.033233
1 0.445462 0.763328 0.026050 0.028037
0 0.033088 0.928805 0.052994 0.089797
2 0.242950 0.765192 0.023276 0.028350
2 0.265768 0.755688 0.021906 0.034270
0 0.155556 0.910372 0.032858 0.030843
1 0.144830 0.938568 0.023274 0.024923
1 0.228572 0.896353 0.026926 0.030220
1 0.302390 0.867847 0.022134 0.024300
1 0.245116 0.959285 0.021678 0.025237
1 0.109690 0.938410 0.030576 0.030220
1 0.250678 0.582847 0.020632 0.020973
1 0.176286 0.632563 0.017194 0.019407