1 0.385176 0.564887 0.028750 0.035513
1 0.489140 0.697332 0.030616 0.044917
1 0.318834 0.946260 0.014520 0.023580
1 0.330372 0.955133 0.014208 0.014400
1 0.333354 0.941097 0.014672 0.016173
1 0.134128 0.465827 0.036054 0.047353
1 0.446396 0.224445 0.032354 0.046157
2 0.800026 0.016428 0.015954 0.020657
2 0.877740 0.871435 0.020756 0.027910
1 0.563354 0.767932 0.024720 0.030937
2 0.474140 0.784807 0.036128 0.042620
2 0.225358 0.618657 0.031560 0.041647
1 0.111594 0.695257 0.031912 0.039313
0 0.784988 0.217675 0.045738 0.064603
1 0.610684 0.320048 0.024528 0.034010
1 0.659080 0.344195 0.023198 0.026223
1 0.257858 0.565362 0.023610 0.032883
1 0.295572 0.597815 0.024244 0.031157
1 0.313398 0.550327 0.019966 0.030507
1 0.332650 0.494398 0.017590 0.019037
1 0.327184 0.515168 0.029476 0.025963
1 0.357930 0.574793 0.023548 0.032153