1 0.022536 0.883755 0.015450 0.023437
1 0.245904 0.336942 0.031802 0.042670
1 0.200586 0.866790 0.013500 0.013760
1 0.223024 0.870167 0.018826 0.022587
0 0.835104 0.737218 0.066538 0.094957
2 0.880510 0.373398 0.017298 0.022177
2 0.877278 0.284698 0.032172 0.036763
1 0.847386 0.326600 0.030804 0.048287
1 0.912418 0.260397 0.018938 0.031780
1 0.704014 0.322570 0.009128 0.013760
1 0.553204 0.335578 0.022820 0.035050
1 0.360520 0.179853 0.023770 0.032273
1 0.335480 0.121078 0.026052 0.034010
1 0.232036 0.076423 0.029282 0.037127
1 0.187066 0.175340 0.027192 0.036607
1 0.046170 0.020610 0.021708 0.026393
1 0.068986 0.013983 0.023926 0.027967
1 0.043690 0.332228 0.032708 0.042057
1 0.065654 0.280953 0.018064 0.021547
1 0.292104 0.427127 0.012280 0.016407
1 0.451760 0.521500 0.013864 0.019833
1 0.466818 0.581180 0.033086 0.045953
1 0.408156 0.661273 0.019206 0.024407
0 0.385292 0.727855 0.023638 0.033537
1 0.609052 0.779582 0.022978 0.025603
1 0.797502 0.866375 0.015054 0.015143
2 0.794134 0.901260 0.013602 0.016767
1 0.946060 0.843347 0.018444 0.022847
1 0.044920 0.913503 0.018486 0.023440