1 0.199258 0.697875 0.015054 0.022717
1 0.063066 0.804948 0.023008 0.025183
2 0.060264 0.993378 0.012280 0.013243
1 0.278292 0.885522 0.021394 0.023437
1 0.290298 0.793048 0.014580 0.020910
1 0.463752 0.837975 0.012324 0.015177
1 0.429606 0.729918 0.028388 0.037110
1 0.483848 0.817783 0.033680 0.037387
1 0.536012 0.837598 0.023000 0.026917
1 0.546964 0.927137 0.033406 0.034767
2 0.314052 0.012850 0.017828 0.021487
2 0.284548 0.090210 0.016506 0.015913
1 0.293260 0.142490 0.014488 0.023787
1 0.277900 0.133977 0.016414 0.023287
1 0.504930 0.302820 0.018928 0.026293
1 0.501436 0.425797 0.016658 0.019007
1 0.546684 0.594318 0.025480 0.030117
1 0.467884 0.614152 0.037270 0.051403
1 0.316884 0.444647 0.031946 0.036607
1 0.302430 0.394928 0.035750 0.044657
1 0.320556 0.280895 0.015288 0.013397
1 0.376348 0.343050 0.021904 0.029907
1 0.379542 0.271707 0.026926 0.033647
2 0.328886 0.222327 0.023274 0.030220
1 0.495024 0.119332 0.021392 0.025097
1 0.623750 0.120520 0.026542 0.032273
1 0.598066 0.122863 0.017958 0.019653
2 0.660724 0.207330 0.017298 0.024160
1 0.634710 0.222205 0.021260 0.030110
1 0.613714 0.230408 0.012808 0.019830
1 0.936750 0.020170 0.032614 0.037140
1 0.935760 0.053793 0.017432 0.021453
1 0.977804 0.168640 0.024826 0.031373
1 0.977540 0.197847 0.020600 0.024520
1 0.804384 0.247655 0.022180 0.029163
2 0.976058 0.459632 0.023504 0.033023
1 0.844444 0.428382 0.027154 0.030843
1 0.814322 0.418102 0.018938 0.028350
1 0.789564 0.403615 0.020534 0.021810
1 0.725900 0.420593 0.016884 0.019627
1 0.745182 0.504555 0.017570 0.023057
1 0.803940 0.593345 0.031946 0.044863
1 0.983626 0.794007 0.031216 0.047107
1 0.957202 0.865413 0.041348 0.049347
1 0.730314 0.676018 0.032584 0.038883
1 0.767416 0.792848 0.040528 0.055703
1 0.861912 0.950467 0.019714 0.024227
1 0.726866 0.904032 0.022344 0.028263
1 0.684642 0.837860 0.020044 0.029607
1 0.644172 0.880405 0.026834 0.031030
1 0.612408 0.884892 0.032310 0.054210
2 0.004970 0.040780 0.009938 0.013520
0 0.058908 0.024252 0.029932 0.034857
2 0.046694 0.007050 0.009244 0.009767
0 0.085270 0.365905 0.025958 0.031403
0 0.741122 0.618395 0.017570 0.022743
0 0.353134 0.111653 0.063404 0.125327
1 0.158904 0.466617 0.008364 0.011120
1 0.209962 0.450465 0.016066 0.020583
1 0.186724 0.559843 0.015372 0.020120