2 0.963870 0.623480 0.027426 0.038827
2 0.765962 0.542857 0.034492 0.045647
2 0.703852 0.576230 0.032588 0.041313
2 0.557382 0.288303 0.036856 0.047673
2 0.502978 0.218237 0.031738 0.043340
2 0.381102 0.104187 0.029400 0.037147
2 0.305506 0.312263 0.024760 0.034673
2 0.068724 0.405297 0.031392 0.043580
2 0.267996 0.468377 0.022222 0.030580
2 0.246216 0.543017 0.021690 0.030100
2 0.333738 0.777113 0.029244 0.042733
2 0.312796 0.763373 0.022632 0.037320
2 0.279290 0.801793 0.032036 0.048360
2 0.163814 0.827157 0.027920 0.031900
2 0.146382 0.706953 0.022656 0.025920
2 0.057092 0.865207 0.021430 0.022573
1 0.227930 0.825910 0.029542 0.039527
1 0.669694 0.654963 0.026304 0.033713
1 0.585452 0.724650 0.022006 0.035540
1 0.424886 0.425580 0.033930 0.049240
1 0.411968 0.350070 0.017042 0.028567
1 0.485080 0.112447 0.013472 0.019093
1 0.615184 0.237763 0.023110 0.029473
1 0.782966 0.178373 0.029244 0.032107
2 0.985738 0.394647 0.028212 0.040533
2 0.862674 0.634747 0.027172 0.033627
2 0.758542 0.953133 0.040590 0.063907
0 0.720696 0.432653 0.062164 0.101853
0 0.647968 0.057693 0.066348 0.056080
0 0.887702 0.119667 0.048462 0.074827
0 0.301126 0.926813 0.042114 0.050560
0 0.050446 0.803667 0.037584 0.039173
0 0.221688 0.143813 0.023980 0.029613