2 0.665632 0.590418 0.019678 0.024830
2 0.723790 0.342628 0.023388 0.036430
1 0.789604 0.572872 0.029362 0.033763
1 0.800550 0.487587 0.032712 0.041147
1 0.943594 0.192958 0.053042 0.077483
1 0.850136 0.062677 0.044304 0.046773
1 0.939136 0.031277 0.016398 0.018520
1 0.855996 0.177250 0.043790 0.061547
1 0.791706 0.180620 0.034130 0.046013
2 0.664018 0.163768 0.020014 0.027210
2 0.538718 0.051242 0.019082 0.022797
2 0.535364 0.108025 0.021914 0.023610
2 0.502808 0.258635 0.017392 0.022190
1 0.398814 0.362997 0.014492 0.019080
1 0.394000 0.323422 0.019358 0.018517
2 0.338696 0.340028 0.019504 0.024083
1 0.047622 0.414858 0.035328 0.037243
1 0.107622 0.401832 0.031602 0.036837
1 0.245330 0.443787 0.037386 0.043227
1 0.275848 0.248940 0.023254 0.028087
1 0.209394 0.225740 0.040250 0.049580
1 0.089540 0.062288 0.044822 0.055917
1 0.167072 0.099920 0.039668 0.043260
0 0.358348 0.011012 0.038384 0.022023
0 0.355800 0.036100 0.024844 0.028153
0 0.234062 0.386833 0.028084 0.030040
1 0.379764 0.676443 0.023396 0.030480
1 0.401552 0.680693 0.021894 0.027840
1 0.475286 0.730077 0.023828 0.031067
1 0.914640 0.875908 0.025544 0.026377
1 0.925694 0.836783 0.016314 0.020807
1 0.743218 0.942115 0.021680 0.026670
1 0.612278 0.897420 0.027690 0.038687
1 0.478012 0.892438 0.019318 0.032823
1 0.371222 0.848332 0.019104 0.020223
1 0.407786 0.986053 0.031426 0.027893
1 0.304108 0.973867 0.039412 0.047127
1 0.290234 0.760613 0.020178 0.029893
1 0.273490 0.710058 0.030910 0.040737
1 0.397468 0.490972 0.021644 0.028330
1 0.636448 0.647008 0.019498 0.030283
1 0.613282 0.646520 0.023254 0.025887
1 0.616056 0.617457 0.020212 0.025887