0 0.092980 0.629913 0.072036 0.095360
0 0.502192 0.882020 0.024014 0.034507
0 0.235198 0.927493 0.042124 0.061707
0 0.084300 0.136280 0.025396 0.032587
0 0.200288 0.307787 0.018624 0.022533
2 0.192496 0.764397 0.018526 0.023607
2 0.322294 0.938583 0.015694 0.018060
2 0.585726 0.844593 0.016088 0.018973
2 0.647344 0.793920 0.017188 0.022467
2 0.962828 0.589550 0.033858 0.044207
2 0.912338 0.393777 0.015850 0.023713
2 0.750498 0.156040 0.032910 0.034533
2 0.795598 0.020710 0.040834 0.041420
2 0.881684 0.025607 0.016758 0.022467
0 0.930576 0.078003 0.039150 0.046233
1 0.394470 0.393913 0.024760 0.026293
1 0.398384 0.354623 0.016084 0.023980
1 0.464936 0.257397 0.017138 0.022540
2 0.205606 0.043327 0.016250 0.023573
2 0.038640 0.015763 0.023110 0.025313
1 0.287730 0.679867 0.045078 0.055760
1 0.554924 0.673180 0.031596 0.043853