4 0.739522 0.167645 0.040390 0.046110
1 0.125472 0.661663 0.020574 0.032507
1 0.076682 0.729782 0.022924 0.027090
2 0.159266 0.477392 0.021188 0.024190
2 0.184922 0.431478 0.016372 0.018483
1 0.138840 0.357185 0.013052 0.017497
2 0.046314 0.413058 0.012304 0.016463
2 0.077358 0.279697 0.022490 0.022040
2 0.054252 0.342728 0.018498 0.018677
1 0.029738 0.206935 0.029128 0.032897
1 0.028980 0.169540 0.019252 0.019593
1 0.040170 0.121162 0.014942 0.019110
2 0.953520 0.631263 0.013266 0.015467
2 0.969644 0.631743 0.013266 0.015593
2 0.970628 0.582488 0.017488 0.021470
2 0.374626 0.312643 0.012554 0.015327
2 0.508096 0.336638 0.021346 0.022877
2 0.496080 0.199207 0.023386 0.025313
2 0.138466 0.264975 0.017146 0.021877
2 0.110378 0.401087 0.018222 0.020667
2 0.168350 0.413227 0.022478 0.025680
2 0.249692 0.360255 0.024102 0.030097
2 0.273874 0.955283 0.028182 0.031433
2 0.789162 0.990790 0.012246 0.015047
2 0.710424 0.912933 0.019258 0.024560
1 0.613886 0.068150 0.019954 0.025940
1 0.474884 0.144555 0.014030 0.016150
1 0.456314 0.154322 0.023842 0.025163
1 0.392902 0.187250 0.025400 0.027167
1 0.250378 0.189213 0.015212 0.020553
2 0.216546 0.205417 0.017588 0.018820
2 0.133038 0.158792 0.018540 0.021203
1 0.275970 0.054100 0.025196 0.032887
1 0.241186 0.544137 0.037370 0.052827
2 0.761742 0.466078 0.025184 0.028603
1 0.617352 0.179442 0.014858 0.016883
2 0.676760 0.171580 0.014434 0.021447
2 0.624268 0.225118 0.016428 0.021283
1 0.622856 0.199400 0.016814 0.017007
1 0.561064 0.293597 0.023108 0.029147
1 0.499080 0.395697 0.023294 0.029207
1 0.459340 0.523633 0.018562 0.020240
1 0.361778 0.504975 0.013974 0.018330
1 0.601952 0.640140 0.018484 0.021807
1 0.751888 0.393210 0.022658 0.028560
1 0.796416 0.423175 0.026148 0.027477
1 0.910112 0.460062 0.025986 0.029857
1 0.932452 0.696935 0.023274 0.026790
1 0.950708 0.788998 0.025556 0.029597
1 0.741266 0.779687 0.024148 0.024667
1 0.828166 0.829795 0.023768 0.029857
1 0.770454 0.884185 0.019394 0.024403
1 0.550192 0.924383 0.022868 0.026380
1 0.375122 0.923843 0.033120 0.043607
1 0.407454 0.776335 0.024446 0.030683
1 0.332536 0.821288 0.044952 0.050603
1 0.032096 0.850708 0.021604 0.032303
1 0.133628 0.770112 0.023956 0.032703