1 0.363580 0.835258 0.016506 0.018530
1 0.314392 0.963868 0.019350 0.022663
1 0.219858 0.941640 0.014102 0.020553
2 0.226274 0.729890 0.011790 0.018433
2 0.197834 0.745077 0.023408 0.034787
2 0.225322 0.801675 0.022436 0.030637
2 0.076336 0.848665 0.014260 0.015577
2 0.735544 0.511313 0.018266 0.019680
2 0.808668 0.510637 0.014856 0.017427
2 0.838930 0.691080 0.018094 0.019293
2 0.885262 0.879622 0.027380 0.030843
1 0.892678 0.820273 0.039478 0.036140
1 0.599694 0.673338 0.026408 0.027583
1 0.634754 0.757355 0.030502 0.034077
1 0.584350 0.931363 0.026780 0.032020
1 0.477758 0.384132 0.016902 0.022357
1 0.421768 0.518088 0.023240 0.027763
1 0.649442 0.377328 0.018616 0.023790
1 0.705272 0.313367 0.018596 0.021033
1 0.747254 0.341162 0.016064 0.021937
2 0.989830 0.244090 0.015188 0.018780
1 0.752936 0.181943 0.028680 0.032020
2 0.920334 0.040628 0.021906 0.029283
2 0.858496 0.108078 0.021450 0.020250
4 0.808524 0.037293 0.064802 0.074587
1 0.968554 0.047048 0.027888 0.032670
1 0.510386 0.111828 0.016286 0.023890
1 0.444720 0.384073 0.021106 0.036087
1 0.197822 0.942722 0.015682 0.022163
1 0.384742 0.913273 0.019938 0.023620
1 0.427670 0.830428 0.021524 0.025603
1 0.359688 0.676152 0.021450 0.025857
1 0.354896 0.594993 0.026014 0.034893
1 0.123292 0.770890 0.022230 0.028847
1 0.255612 0.582377 0.036054 0.045800
1 0.525408 0.120783 0.013978 0.020433
1 0.532486 0.271147 0.020756 0.020553
0 0.039772 0.266238 0.022182 0.027763
1 0.112236 0.033958 0.025770 0.029423
1 0.160546 0.087333 0.023902 0.032633
1 0.201416 0.144937 0.023242 0.024520
1 0.457460 0.363692 0.013120 0.016097