1 0.575276 0.892755 0.028682 0.029857
1 0.545486 0.891132 0.015372 0.019257
1 0.585848 0.755603 0.021102 0.027453
1 0.611330 0.765658 0.023492 0.025277
1 0.617990 0.728007 0.013736 0.015220
1 0.507574 0.457332 0.016324 0.022017
1 0.887322 0.409957 0.026992 0.037833
1 0.849122 0.199708 0.018232 0.021137
1 0.868214 0.282135 0.017200 0.020663
1 0.320878 0.889103 0.016340 0.024267
1 0.446722 0.952117 0.016912 0.020353
1 0.130126 0.874568 0.020782 0.023483
1 0.186612 0.533490 0.028466 0.030713
1 0.233844 0.598058 0.020046 0.020763
1 0.226070 0.612450 0.019008 0.020920
1 0.104820 0.636225 0.024366 0.030530
1 0.255938 0.165093 0.023736 0.038513
1 0.219472 0.169792 0.023736 0.030997
1 0.195910 0.212295 0.025456 0.026770
1 0.829400 0.083742 0.023182 0.026730
1 0.804518 0.011872 0.029362 0.023743
1 0.105772 0.780178 0.034798 0.048030
1 0.085372 0.940703 0.036922 0.050887
1 0.169094 0.740327 0.021108 0.027000
1 0.568836 0.437953 0.037398 0.045433
1 0.613814 0.073578 0.022438 0.027263
1 0.623892 0.020357 0.019396 0.022067
1 0.654412 0.029182 0.025290 0.025183
1 0.717372 0.613603 0.011408 0.012773
1 0.671506 0.636033 0.016430 0.019007
1 0.622562 0.592105 0.015744 0.019003
1 0.059022 0.251448 0.022976 0.022357
1 0.080422 0.097152 0.015744 0.020250
1 0.113850 0.079828 0.010952 0.016823
1 0.111568 0.132168 0.014146 0.018070
1 0.706122 0.959943 0.020534 0.028787
1 0.053964 0.784113 0.020538 0.026907
1 0.351878 0.227872 0.022438 0.034530
2 0.172684 0.185273 0.015186 0.019833
2 0.151020 0.505303 0.025288 0.037127
1 0.136492 0.790057 0.020726 0.029340
1 0.184792 0.904940 0.023770 0.027000
1 0.095896 0.982047 0.023198 0.025960
1 0.129504 0.024560 0.032792 0.035007
2 0.351616 0.992467 0.023500 0.015067
1 0.795358 0.894320 0.022204 0.031180
1 0.931796 0.767573 0.014414 0.016227
2 0.702178 0.612218 0.022454 0.032150
2 0.753658 0.623992 0.020810 0.027283