1 0.977314 0.379257 0.021118 0.027307
1 0.061320 0.736957 0.018782 0.024667
1 0.109258 0.711070 0.023790 0.027600
1 0.151384 0.712657 0.022896 0.034680
2 0.222220 0.778600 0.011448 0.014653
1 0.305040 0.733538 0.020750 0.027597
1 0.344572 0.725968 0.015384 0.019783
1 0.409500 0.590312 0.013786 0.015943
2 0.454594 0.585987 0.012298 0.014753
2 0.441868 0.692888 0.010870 0.015123
1 0.478704 0.782760 0.020744 0.026287
1 0.624482 0.813802 0.025878 0.036183
1 0.658126 0.781718 0.022568 0.027137
1 0.347676 0.863098 0.032646 0.039077
1 0.283306 0.735155 0.022688 0.029797
1 0.709234 0.905893 0.032670 0.036973
2 0.703642 0.933283 0.023974 0.026627
1 0.760660 0.830708 0.016130 0.016490
1 0.916696 0.626538 0.023602 0.030530
1 0.923848 0.552407 0.018892 0.021907
1 0.789362 0.554757 0.020358 0.020860
2 0.890066 0.489383 0.022256 0.025560
2 0.013128 0.556328 0.016248 0.024830
1 0.766406 0.404617 0.013630 0.017193
1 0.641882 0.487822 0.016150 0.022557
1 0.600390 0.494435 0.019130 0.020183
1 0.621054 0.452753 0.016174 0.021887
2 0.833256 0.209078 0.016646 0.018317
1 0.251094 0.238030 0.020250 0.028833
2 0.098776 0.097298 0.020168 0.023037
2 0.180056 0.098883 0.016304 0.019667
1 0.182308 0.611838 0.018030 0.020610
2 0.504494 0.430723 0.019520 0.029513
2 0.489642 0.427075 0.009384 0.017857
1 0.818226 0.206535 0.013168 0.017977
1 0.860150 0.188980 0.013044 0.013740
1 0.362852 0.216463 0.018038 0.022793
1 0.924268 0.122463 0.053782 0.067947
1 0.695526 0.079857 0.020706 0.023320
1 0.691696 0.009930 0.021326 0.019860
1 0.435848 0.327155 0.015528 0.021370
1 0.608986 0.220085 0.013042 0.015097
2 0.513212 0.189217 0.017764 0.020860
1 0.375924 0.147155 0.019256 0.023237
1 0.336918 0.110692 0.019006 0.025270